0.185138 0.380446
0.186331 0.379630
0.187533 0.378815
0.183954 0.381263
0.188744 0.378002
0.173733 0.388450
0.182779 0.382083
0.160808 0.397643
0.159824 0.398351
0.155935 0.401199
0.156896 0.400483
0.157865 0.399770
0.158841 0.399059
0.159679 0.398457
0.692062 0.411782
0.691020 0.411606
0.693106 0.411956
0.763389 0.528058
0.763177 0.529422
0.694151 0.412126
0.695198 0.412294
0.763607 0.526689
0.579963 0.395218
0.580967 0.395219
0.434519 0.381690
0.434110 0.381531
0.433574 0.381325
0.435056 0.381896
0.435465 0.382054
0.741351 0.774124
0.741654 0.773333
0.741710 0.773190
0.742014 0.772400
0.741294 0.774267
0.740991 0.775057
0.739136 0.779867
0.739192 0.779724
0.738832 0.780658
0.817969 0.320184
0.817324 0.321110
0.816900 0.321714
0.818394 0.319580
0.819038 0.318655
0.820107 0.317125
0.819463 0.318050
0.823315 0.312536
0.822671 0.313462
0.822246 0.314066
0.823740 0.311932
0.824384 0.311006
0.091086 0.457520
0.090923 0.457666
0.091779 0.456912
0.090231 0.458275
0.090068 0.458421
0.759724 0.419737
0.758595 0.419569
0.471542 0.394803
0.471981 0.394850
0.470889 0.394735
0.687903 0.411060
0.688940 0.411245
0.576952 0.395237
0.575950 0.395250
0.571941 0.395339
0.572943 0.395311
0.565259 0.395545
0.534089 0.396404
0.573945 0.395288
0.473726 0.395034
0.473073 0.394966
0.472634 0.394919
0.686867 0.410872
0.685833 0.410681
0.474165 0.395081
0.684800 0.410487
0.475256 0.395195
0.485027 0.396063
0.483946 0.395980
0.762971 0.530783
0.762772 0.532139
0.761699 0.540189
0.761863 0.538858
0.752581 0.215202
0.752701 0.216697
0.753349 0.220419
0.753506 0.221745
0.754126 0.225454
0.800862 0.344658
0.800217 0.345583
0.799792 0.346188
0.805138 0.338540
0.804494 0.339465
0.804069 0.340069
0.803425 0.340994
0.803000 0.341599
0.813692 0.326303
0.813048 0.327228
0.812623 0.327832
0.814117 0.325698
0.814761 0.324773
0.811554 0.329362
0.810909 0.330287
0.810484 0.330892
0.811978 0.328758
0.809840 0.331817
0.809415 0.332421
0.260689 0.332138
0.261794 0.331436
0.261953 0.331334
0.722582 0.797325
0.723012 0.797111
0.723815 0.796703
0.721778 0.797733
0.721348 0.797947
0.477007 0.560611
0.477230 0.563030
0.477189 0.564653
0.720545 0.798355
0.720115 0.798570
0.716845 0.800222
0.716415 0.800436
0.717648 0.799814
0.715612 0.800845
0.715181 0.801059
0.713948 0.801681
0.714378 0.801467
0.710247 0.803548
0.709445 0.803956
0.709014 0.804170
0.724245 0.796489
0.725048 0.796081
0.718078 0.799600
0.718881 0.799192
0.719312 0.798978
0.577956 0.395227
0.578959 0.395221
0.582977 0.395231
0.581972 0.395223
0.583982 0.395242
0.433165 0.381167
0.432628 0.380961
0.436002 0.382260
0.436410 0.382419
0.652265 0.832790
0.651472 0.833218
0.651029 0.833411
0.672010 0.822837
0.672443 0.822627
0.673244 0.822215
0.713145 0.802089
0.712714 0.802303
0.464371 0.393193
0.463834 0.392987
0.463425 0.392828
0.464780 0.393351
0.465317 0.393557
0.465725 0.393715
0.466262 0.393921
0.467690 0.399008
0.467830 0.401393
0.467912 0.402853
0.467608 0.397548
0.468053 0.405237
0.467423 0.394369
0.467467 0.395163
0.467208 0.394286
0.466671 0.394080
0.467613 0.394390
0.468267 0.394458
0.468135 0.406697
0.468275 0.409082
0.468357 0.410542
0.468498 0.412927
0.468579 0.414387
0.468721 0.416771
0.470137 0.441300
0.470278 0.443685
0.470359 0.445145
0.470501 0.447529
0.471916 0.472059
0.472059 0.474443
0.472138 0.475904
0.472282 0.478288
0.472361 0.479749
0.473917 0.506665
0.474063 0.509050
0.474140 0.510511
0.473840 0.505205
0.473695 0.502820
0.473618 0.501359
0.765002 0.623119
0.765009 0.623148
0.765241 0.624171
0.769125 0.650155
0.769182 0.651177
0.769232 0.652198
0.798011 0.456266
0.797810 0.456187
0.796690 0.455753
0.790086 0.453188
0.791205 0.453622
0.791406 0.453701
0.768725 0.645025
0.768820 0.646053
0.768908 0.647080
0.769060 0.649131
0.792727 0.454214
0.793847 0.454648
0.794048 0.454727
0.768988 0.648107
0.792526 0.454135
0.759985 0.590079
0.759911 0.588913
0.759631 0.583020
0.759594 0.581828
0.759675 0.584207
0.759562 0.580633
0.759821 0.562191
0.759761 0.563450
0.760845 0.548087
0.760972 0.546781
0.760724 0.549389
0.889134 0.218555
0.888541 0.219132
0.887962 0.220128
0.907465 0.435433
0.923337 0.429542
0.923838 0.429350
0.799131 0.456700
0.799332 0.456779
0.845125 0.281340
0.845768 0.280414
0.846194 0.279810
0.844699 0.281943
0.846837 0.278884
0.847263 0.278281
0.848976 0.275825
0.848333 0.276751
0.847907 0.277354
0.769267 0.653062
0.769275 0.653218
0.800452 0.457213
0.800653 0.457292
0.768949 0.670388
0.768861 0.671387
0.824106 0.466399
0.823109 0.466012
0.824442 0.466553
0.768664 0.673381
0.768766 0.672384
0.825389 0.466984
0.825813 0.467178
0.819146 0.464473
0.820266 0.464908
0.818945 0.464395
0.767572 0.681308
0.767735 0.680321
0.766844 0.685242
0.767037 0.684261
0.767223 0.683278
0.744588 0.765723
0.744892 0.764933
0.744948 0.764790
0.744172 0.766799
0.744228 0.766657
0.744532 0.765866
0.743869 0.767590
0.743093 0.769600
0.742789 0.770390
0.743149 0.769457
0.743813 0.767733
0.743509 0.768523
0.743453 0.768666
0.759959 0.559660
0.759887 0.560927
0.760121 0.557112
0.760037 0.558388
0.745308 0.763856
0.745611 0.763066
0.745667 0.762923
0.745252 0.763999
0.742070 0.772257
0.742374 0.771467
0.742430 0.771324
0.742733 0.770533
0.740271 0.776924
0.740575 0.776134
0.740631 0.775991
0.740935 0.775200
0.739552 0.778791
0.739856 0.778000
0.739912 0.777858
0.740215 0.777067
0.739496 0.778934
0.474584 0.518203
0.474732 0.520587
0.474806 0.522049
0.737753 0.783458
0.738057 0.782667
0.738113 0.782525
0.737697 0.783601
0.737393 0.784391
0.759505 0.577020
0.759497 0.575808
0.759496 0.574591
0.760116 0.419206
0.760371 0.418604
0.759880 0.419761
0.808771 0.333346
0.807277 0.335480
0.807701 0.334876
0.808346 0.333951
0.805563 0.337935
0.806208 0.337010
0.806632 0.336406
0.801286 0.344054
0.801931 0.343128
0.802355 0.342524
0.768911 0.431729
0.769511 0.432558
0.773641 0.438391
0.774222 0.439228
0.774799 0.440067
0.771886 0.435884
0.771296 0.435051
0.772474 0.436719
0.770703 0.434219
0.820532 0.316521
0.821176 0.315595
0.821601 0.314991
0.773059 0.437554
0.838284 0.291121
0.837640 0.292047
0.837215 0.292651
0.836571 0.293577
0.836145 0.294181
0.841917 0.285929
0.841491 0.286532
0.840848 0.287458
0.842561 0.285003
0.151240 0.404820
0.150323 0.405552
0.196041 0.373257
0.196200 0.373155
0.194936 0.373959
0.193679 0.374765
0.149414 0.406287
0.152164 0.404090
0.154981 0.401918
0.154034 0.402639
0.189964 0.377190
0.101350 0.448469
0.102042 0.447860
0.102205 0.447714
0.191193 0.376380
0.192432 0.375572
0.153095 0.403363
0.113324 0.437908
0.113161 0.438054
0.112469 0.438662
0.134707 0.419050
0.134544 0.419195
0.133852 0.419804
0.286754 0.317396
0.286538 0.317294
0.285837 0.316960
0.613270 0.397091
0.614285 0.397208
0.612256 0.396978
0.611242 0.396869
0.610228 0.396763
0.468705 0.394505
0.689979 0.411427
0.470450 0.394688
0.469797 0.394620
0.469358 0.394573
0.574947 0.395267
0.756296 0.419236
0.756341 0.419242
0.755215 0.419081
0.754089 0.418922
0.652036 0.403782
0.653054 0.403992
0.653059 0.403993
0.757468 0.419404
0.664310 0.406312
0.664316 0.406313
0.663293 0.406102
0.745127 0.417763
0.744012 0.417632
0.742898 0.417504
0.657147 0.404836
0.656129 0.404626
0.657153 0.404837
0.656124 0.404625
0.655106 0.404415
0.752965 0.418766
0.751842 0.418613
0.683769 0.410291
0.482864 0.395894
0.665334 0.406523
0.665339 0.406524
0.486107 0.396142
0.488263 0.396290
0.487186 0.396217
0.469611 0.432150
0.469469 0.429766
0.469388 0.428306
0.762578 0.533491
0.469247 0.425921
0.469166 0.424461
0.469692 0.433611
0.762390 0.534839
0.470581 0.448990
0.470724 0.451374
0.762033 0.537522
0.470056 0.439840
0.469914 0.437455
0.469833 0.435995
0.762208 0.536183
0.058701 0.488834
0.058979 0.488453
0.059324 0.487996
0.059947 0.487157
0.059601 0.487615
0.342426 0.343900
0.341726 0.343566
0.341510 0.343463
0.795515 0.352306
0.794871 0.353231
0.794446 0.353836
0.793802 0.354761
0.793377 0.355365
0.790169 0.359954
0.790594 0.359350
0.791239 0.358424
0.881052 0.229925
0.880420 0.230859
0.879983 0.231456
0.881491 0.229328
0.877209 0.235449
0.876775 0.236048
0.877845 0.234517
0.869720 0.246158
0.870360 0.245229
0.869291 0.246759
0.309659 0.328300
0.310359 0.328634
0.310575 0.328736
0.309443 0.328198
0.311275 0.329070
0.265747 0.328921
0.265587 0.329023
0.264482 0.329725
0.274772 0.291898
0.274998 0.292437
0.274543 0.291348
0.181629 0.079523
0.181435 0.078711
0.181323 0.078226
0.471836 0.470599
0.471694 0.468214
0.474509 0.516741
0.474362 0.514357
0.474286 0.512896
0.736618 0.786401
0.736314 0.787192
0.736258 0.787334
0.736674 0.786258
0.735954 0.788125
0.725479 0.795866
0.726282 0.795458
0.432219 0.380803
0.431682 0.380597
0.615300 0.397327
0.436947 0.382625
0.437356 0.382783
0.609214 0.396661
0.650237 0.833844
0.649791 0.834032
0.667076 0.825326
0.666275 0.825740
0.665842 0.825948
0.667509 0.825117
0.668309 0.824704
0.711911 0.802712
0.711481 0.802925
0.710678 0.803334
0.346620 0.391851
0.353457 0.363834
0.353508 0.363621
0.325903 0.476774
0.319065 0.504791
0.319001 0.505073
0.325956 0.476549
0.346569 0.392065
0.339733 0.420082
0.363724 0.353745
0.362937 0.353402
0.362787 0.353338
0.363873 0.353809
0.362000 0.352995
0.365597 0.354559
0.364810 0.354216
0.364661 0.354152
0.365747 0.354623
0.372157 0.357400
0.373095 0.357800
0.374034 0.358196
0.371219 0.356999
0.370281 0.356594
0.379680 0.360516
0.378738 0.360137
0.376854 0.359369
0.377796 0.359754
0.380623 0.360893
0.381567 0.361268
0.383455 0.362008
0.382511 0.361639
0.391557 0.365133
0.391020 0.364927
0.390611 0.364769
0.388720 0.364040
0.388183 0.363834
0.387774 0.363675
0.397231 0.367319
0.397639 0.367478
0.396694 0.367113
0.461943 0.392258
0.462480 0.392464
0.462888 0.392622
0.461534 0.392099
0.460997 0.391893
0.468802 0.418232
0.468943 0.420616
0.469024 0.422076
0.644722 0.836472
0.645285 0.836394
0.646050 0.835884
0.647308 0.835270
0.646529 0.835737
0.842986 0.284399
0.843630 0.283473
0.844056 0.282869
0.789884 0.453109
0.764531 0.621044
0.764525 0.621016
0.764293 0.619992
0.766996 0.632588
0.767182 0.633631
0.768513 0.642964
0.768395 0.641932
0.785921 0.451570
0.786123 0.451649
0.787242 0.452083
0.783481 0.450623
0.784601 0.451057
0.784802 0.451136
0.768270 0.640899
0.768137 0.639864
0.767997 0.638828
0.767849 0.637791
0.781959 0.450031
0.782160 0.450110
0.783280 0.450544
0.781244 0.449754
0.781135 0.450265
0.780992 0.449363
0.838709 0.290518
0.780413 0.453574
0.780776 0.451923
0.767531 0.635713
0.767693 0.636753
0.796489 0.455674
0.795369 0.455240
0.795168 0.455161
0.764286 0.619964
0.764048 0.618912
0.763589 0.616796
0.763815 0.617856
0.763369 0.615731
0.759781 0.586568
0.759725 0.585390
0.759518 0.578229
0.759537 0.579433
0.759583 0.568444
0.759618 0.567201
0.759553 0.569682
0.759660 0.565955
0.759513 0.572145
0.759501 0.573370
0.761105 0.545471
0.761245 0.544157
0.761542 0.541516
0.761390 0.542838
0.760499 0.551980
0.760608 0.550686
0.760396 0.553269
0.760299 0.554554
0.887470 0.220706
0.886866 0.221668
0.884261 0.225327
0.884709 0.224735
0.883635 0.226267
0.878279 0.233919
0.878914 0.232987
0.879349 0.232389
0.939712 0.423461
0.940229 0.423260
0.956105 0.417374
0.956738 0.417118
0.862876 0.255938
0.862234 0.256866
0.861806 0.257468
0.861165 0.258395
0.860737 0.258998
0.859026 0.261455
0.859668 0.260528
0.860095 0.259925
0.858599 0.262057
0.817825 0.463960
0.769222 0.666380
0.769165 0.667384
0.813661 0.462343
0.812541 0.461909
0.812340 0.461830
0.863303 0.255336
0.863945 0.254408
0.865014 0.252879
0.864373 0.253806
0.865442 0.252277
0.866083 0.251349
0.767890 0.679334
0.872929 0.241569
0.873568 0.240639
0.873999 0.240039
0.857878 0.453855
0.842007 0.459748
0.858369 0.453670
0.872499 0.242169
0.874733 0.447592
0.874241 0.447777
0.874637 0.239109
0.870790 0.244628
0.871429 0.243699
0.871859 0.243098
0.825645 0.465826
0.841516 0.459933
0.822908 0.465934
0.821788 0.465499
0.821587 0.465421
0.820467 0.464986
0.868651 0.247688
0.825154 0.466010
0.868222 0.248289
0.867581 0.249217
0.867152 0.249819
0.866512 0.250747
0.767401 0.682293
0.838147 0.472801
0.837723 0.472607
0.836776 0.472176
0.835406 0.471552
0.836353 0.471982
0.759843 0.587743
0.472504 0.482133
0.472583 0.483594
0.760208 0.555834
0.760152 0.556681
0.759707 0.564704
0.751538 0.745570
0.751668 0.745054
0.751787 0.744597
0.751418 0.746027
0.751918 0.744081
0.752037 0.743625
0.752168 0.743109
0.746747 0.760123
0.747050 0.759332
0.747106 0.759189
0.746690 0.760266
0.747410 0.758399
0.746331 0.761199
0.746027 0.761990
0.746387 0.761056
0.745971 0.762132
0.475178 0.528280
0.475028 0.525895
0.474955 0.524433
0.475250 0.529742
0.475401 0.532127
0.738776 0.780801
0.738473 0.781591
0.738417 0.781734
0.737337 0.784534
0.737034 0.785325
0.736978 0.785468
0.476137 0.545137
0.476297 0.547523
0.476358 0.548990
0.735898 0.788268
0.735595 0.789058
0.763910 0.697399
0.763780 0.697915
0.763661 0.698372
0.762162 0.704207
0.762281 0.703750
0.762411 0.703234
0.762947 0.613589
0.763155 0.614662
0.764160 0.696427
0.764279 0.695970
0.764410 0.695454
0.764030 0.696943
0.764763 0.622068
0.764770 0.622096
0.762745 0.612512
0.762549 0.611431
0.762176 0.609255
0.762359 0.610345
0.761998 0.608161
0.761662 0.706152
0.761531 0.706668
0.761412 0.707125
0.761826 0.607062
0.785893 0.366073
0.786317 0.365468
0.786962 0.364543
0.765874 0.427601
0.765260 0.426778
0.766487 0.428424
0.768309 0.430901
0.764023 0.425137
0.764642 0.425957
0.763401 0.424317
0.761520 0.421866
0.760888 0.421051
0.762149 0.422682
0.762776 0.423499
0.760685 0.417865
0.760253 0.420238
0.799148 0.347113
0.798723 0.347717
0.798078 0.348642
0.754295 0.226751
0.754904 0.230457
0.755682 0.235449
0.755080 0.231744
0.366534 0.354966
0.366684 0.355030
0.367471 0.355373
0.367621 0.355437
0.368408 0.355780
0.815186 0.324169
0.815830 0.323243
0.816255 0.322639
0.770108 0.433388
0.834432 0.296636
0.835076 0.295710
0.835502 0.295106
0.779889 0.447663
0.780442 0.448512
0.834007 0.297240
0.776518 0.442589
0.777086 0.443432
0.828661 0.304888
0.828017 0.305814
0.827592 0.306418
0.777651 0.444276
0.829086 0.304284
0.829730 0.303358
0.840422 0.288062
0.839779 0.288988
0.839353 0.289592
0.147618 0.407765
0.146732 0.408508
0.127009 0.425839
0.126846 0.425984
0.126154 0.426593
0.125299 0.427347
0.125991 0.426739
0.125135 0.427493
0.124443 0.428102
0.123588 0.428856
0.124280 0.428247
0.121022 0.431119
0.120859 0.431265
0.120167 0.431873
0.104771 0.445451
0.104608 0.445597
0.103916 0.446206
0.148512 0.407024
0.197305 0.372453
0.197465 0.372351
0.112306 0.438808
0.111614 0.439417
0.116745 0.434891
0.117438 0.434282
0.117601 0.434136
0.120003 0.432019
0.119311 0.432628
0.292251 0.320013
0.292035 0.319911
0.291335 0.319577
0.290418 0.319141
0.291119 0.319475
0.264323 0.329827
0.263218 0.330530
0.263058 0.330631
0.080823 0.466572
0.081515 0.465964
0.081678 0.465818
0.082370 0.465210
0.082533 0.465064
0.083388 0.464309
0.083226 0.464456
0.084081 0.463701
0.072107 0.474262
0.072269 0.474115
0.072962 0.473508
0.058356 0.489292
0.058079 0.489672
0.503228 0.396934
0.504289 0.396954
0.505348 0.396971
0.658170 0.405047
0.655100 0.404414
0.654083 0.404204
0.654077 0.404203
0.506406 0.396984
0.746244 0.417897
0.747361 0.418034
0.748479 0.418174
0.749599 0.418317
0.476346 0.395305
0.477435 0.395412
0.682739 0.410092
0.681711 0.409889
0.739563 0.417139
0.740674 0.417257
0.669433 0.407368
0.670450 0.407578
0.670456 0.407579
0.669427 0.407367
0.668409 0.407157
0.738454 0.417023
0.737346 0.416911
0.673526 0.408212
0.674543 0.408421
0.674549 0.408423
0.734028 0.416592
0.732925 0.416492
0.673520 0.408210
0.675567 0.408632
0.735133 0.416695
0.672503 0.408001
0.672497 0.408000
0.671479 0.407790
0.671473 0.407789
0.736239 0.416802
0.470804 0.452835
0.470946 0.455219
0.471026 0.456679
0.067298 0.478699
0.066526 0.479484
0.217952 0.177045
0.217797 0.176742
0.217410 0.175974
0.216869 0.174903
0.217256 0.175671
0.056488 0.491807
0.056833 0.491349
0.057110 0.490968
0.056211 0.492188
0.055865 0.492645
0.101187 0.448614
0.100495 0.449223
0.099639 0.449977
0.100332 0.449369
0.772039 0.340022
0.772235 0.341296
0.772818 0.345000
0.773597 0.349978
0.773014 0.346274
0.771456 0.336318
0.771260 0.335044
0.755863 0.236732
0.756461 0.240436
0.770481 0.330066
0.770677 0.331340
0.791663 0.357820
0.792308 0.356895
0.792732 0.356290
0.875069 0.238509
0.875706 0.237578
0.876139 0.236979
0.890604 0.441700
0.891098 0.441513
0.906970 0.435621
0.312407 0.329609
0.312191 0.329506
0.311491 0.329173
0.313108 0.329943
0.313324 0.330045
0.314024 0.330379
0.319521 0.332996
0.319737 0.333098
0.320437 0.333432
0.307826 0.327428
0.308527 0.327762
0.308743 0.327864
0.307610 0.327326
0.306910 0.326992
0.303245 0.325247
0.303946 0.325581
0.304162 0.325683
0.303029 0.325145
0.304862 0.326017
0.305078 0.326120
0.085792 0.462193
0.085099 0.462801
0.085954 0.462046
0.084936 0.462947
0.084244 0.463555
0.080660 0.466719
0.079967 0.467327
0.079805 0.467473
0.079112 0.468081
0.258027 0.256287
0.257486 0.255215
0.257332 0.254912
0.256944 0.254145
0.260169 0.260613
0.259637 0.259526
0.255861 0.252003
0.256248 0.252770
0.256403 0.253074
0.255707 0.251700
0.255320 0.250932
0.256790 0.253841
0.255165 0.250629
0.254778 0.249861
0.258565 0.257363
0.259102 0.258443
0.260294 0.260871
0.001476 0.566041
0.000955 0.566378
0.000903 0.566945
0.010764 0.553395
0.011025 0.553003
0.011386 0.552556
0.012008 0.551718
0.011648 0.552164
0.181129 0.077414
0.181018 0.076929
0.471614 0.466754
0.471471 0.464369
0.473473 0.498975
0.473395 0.497514
0.473250 0.495129
0.475694 0.537437
0.475625 0.535974
0.475472 0.533589
0.728748 0.794214
0.727945 0.794622
0.727515 0.794836
0.726712 0.795244
0.431274 0.380438
0.430737 0.380232
0.616315 0.397451
0.437893 0.382989
0.438302 0.383147
0.608201 0.396562
0.361850 0.352931
0.647767 0.835101
0.648552 0.834652
0.649002 0.834471
0.665042 0.826362
0.664608 0.826570
0.668742 0.824495
0.669543 0.824082
0.734112 0.791510
0.734780 0.791171
0.733682 0.791725
0.734819 0.791068
0.732879 0.792132
0.732449 0.792347
0.730412 0.793377
0.731215 0.792969
0.729982 0.793591
0.729179 0.793999
0.731645 0.792755
0.704080 0.806659
0.704511 0.806445
0.705314 0.806037
0.702847 0.807281
0.702044 0.807690
0.701614 0.807904
0.703278 0.807068
0.699578 0.808935
0.700380 0.808526
0.699147 0.809148
0.700811 0.808312
0.339681 0.420297
0.332845 0.448314
0.332793 0.448532
0.375914 0.358981
0.374974 0.358590
0.368557 0.355844
0.369345 0.356187
0.369494 0.356251
0.389665 0.364404
0.390074 0.364562
0.389129 0.364198
0.391965 0.365291
0.392502 0.365497
0.392911 0.365656
0.393857 0.366020
0.393448 0.365862
0.386829 0.363311
0.386292 0.363105
0.387237 0.363469
0.385883 0.362946
0.385346 0.362740
0.384401 0.362374
0.384257 0.362318
0.398176 0.367684
0.398585 0.367842
0.394802 0.366384
0.395339 0.366591
0.395748 0.366749
0.394394 0.366226
0.396285 0.366955
0.774608 0.477507
0.775017 0.475960
0.765955 0.627353
0.765724 0.626303
0.777403 0.466532
0.777013 0.468121
0.766179 0.628403
0.780048 0.455218
0.779679 0.456855
0.779308 0.458485
0.767360 0.634673
0.777790 0.464937
0.778174 0.463334
0.766394 0.629451
0.766603 0.630498
0.778933 0.460109
0.778555 0.461725
0.766803 0.631543
0.787444 0.452162
0.788563 0.452596
0.788765 0.452675
0.768623 0.643995
0.857333 0.481549
0.858280 0.481979
0.858704 0.482173
0.860074 0.482798
0.861021 0.483229
0.861445 0.483423
0.859651 0.482604
0.886400 0.222252
0.885785 0.223203
0.885330 0.223791
0.882122 0.228393
0.882562 0.227798
0.883191 0.226860
0.801773 0.457726
0.853253 0.269706
0.852610 0.270632
0.852183 0.271236
0.801974 0.457805
0.803094 0.458239
0.853679 0.269103
0.854322 0.268176
0.809698 0.460804
0.809900 0.460883
0.811019 0.461317
0.811220 0.461396
0.804415 0.458752
0.804616 0.458831
0.803295 0.458318
0.769028 0.669387
0.769100 0.668386
0.817624 0.463882
0.816504 0.463448
0.769394 0.661342
0.769375 0.662352
0.769348 0.663361
0.769405 0.660331
0.828130 0.468234
0.827183 0.467803
0.828553 0.468428
0.826760 0.467609
0.768554 0.674376
0.768436 0.675370
0.843629 0.475301
0.843205 0.475106
0.842258 0.474676
0.840888 0.474051
0.841835 0.474482
0.840464 0.473857
0.839517 0.473426
0.839094 0.473232
0.472727 0.485978
0.750669 0.748944
0.750788 0.748488
0.750919 0.747972
0.752287 0.742652
0.752418 0.742136
0.476073 0.543672
0.475916 0.541286
0.475848 0.539823
0.476983 0.559111
0.476795 0.556716
0.476577 0.552848
0.476751 0.555238
0.476523 0.551377
0.735539 0.789201
0.735235 0.789992
0.735179 0.790135
0.734875 0.790925
0.763280 0.699860
0.763411 0.699344
0.763530 0.698888
0.763161 0.700317
0.862392 0.483853
0.862815 0.484048
0.762531 0.702778
0.762661 0.702262
0.864125 0.485223
0.863252 0.484246
0.864733 0.485909
0.760912 0.709070
0.761032 0.708613
0.761162 0.708097
0.761281 0.707641
0.854592 0.480299
0.854169 0.480105
0.853222 0.479674
0.851851 0.479049
0.852799 0.479480
0.765160 0.692536
0.765029 0.693052
0.764910 0.693509
0.765279 0.692080
0.765486 0.625251
0.765479 0.625223
0.765247 0.624199
0.761661 0.605960
0.795940 0.351702
0.788031 0.363013
0.788455 0.362409
0.789100 0.361484
0.787386 0.363938
0.789525 0.360879
0.355253 0.350006
0.354553 0.349672
0.354337 0.349570
0.762962 0.412500
0.763217 0.411898
0.763532 0.411159
0.763786 0.410557
0.764101 0.409817
0.764355 0.409216
0.764670 0.408476
0.767096 0.429249
0.767704 0.430075
0.779902 0.374646
0.780547 0.373721
0.780971 0.373116
0.779477 0.375250
0.781616 0.372191
0.797654 0.349247
0.797009 0.350172
0.796585 0.350776
0.824809 0.310402
0.775375 0.440906
0.825453 0.309477
0.778214 0.445121
0.830155 0.302754
0.830799 0.301829
0.123425 0.429002
0.122733 0.429610
0.208845 0.365112
0.209950 0.364410
0.208686 0.365214
0.210109 0.364308
0.211215 0.363606
0.211374 0.363504
0.145853 0.409253
0.207580 0.365917
0.144117 0.410753
0.143260 0.411507
0.206316 0.366721
0.207421 0.366019
0.206157 0.366823
0.205052 0.367525
0.128720 0.424330
0.128556 0.424476
0.127864 0.425084
0.127701 0.425230
0.225283 0.354657
0.225124 0.354759
0.224019 0.355461
0.249308 0.339376
0.250413 0.338674
0.250573 0.338572
0.249149 0.339478
0.248044 0.340181
0.103753 0.446351
0.103061 0.446960
0.102898 0.447106
0.254366 0.336159
0.254207 0.336261
0.255471 0.335457
0.119148 0.432773
0.118456 0.433382
0.118293 0.433528
0.115035 0.436399
0.114872 0.436545
0.114180 0.437154
0.114016 0.437299
0.116582 0.435036
0.115890 0.435645
0.115727 0.435791
0.290202 0.319039
0.289502 0.318705
0.022590 0.537461
0.022861 0.537076
0.023213 0.536623
0.049985 0.500571
0.049638 0.501028
0.049362 0.501410
0.049016 0.501867
0.048739 0.502248
0.087502 0.460684
0.086810 0.461292
0.086647 0.461438
0.087665 0.460538
0.088357 0.459929
0.055588 0.493026
0.055242 0.493483
0.054966 0.493864
0.073817 0.472753
0.073980 0.472607
0.074673 0.471999
0.073125 0.473361
0.074835 0.471852
0.075528 0.471245
0.057733 0.490130
0.057456 0.490511
0.519011 0.396869
0.517967 0.396897
0.642820 0.401883
0.641803 0.401673
0.641797 0.401672
0.642826 0.401884
0.643844 0.402094
0.516922 0.396923
0.760940 0.417263
0.761255 0.416524
0.761509 0.415922
0.643849 0.402095
0.644867 0.402305
0.663287 0.406101
0.662269 0.405892
0.502167 0.396911
0.501104 0.396884
0.658176 0.405048
0.659194 0.405258
0.659199 0.405259
0.750720 0.418464
0.660217 0.405468
0.660223 0.405470
0.652030 0.403781
0.651013 0.403571
0.651007 0.403570
0.649989 0.403360
0.507462 0.396993
0.508518 0.396999
0.509573 0.397002
0.645890 0.402516
0.644873 0.402306
0.515875 0.396944
0.510626 0.397001
0.677619 0.409055
0.678637 0.409265
0.678643 0.409266
0.730721 0.416302
0.729621 0.416211
0.675573 0.408633
0.676590 0.408843
0.676596 0.408844
0.677613 0.409054
0.731822 0.416395
0.478523 0.395515
0.479610 0.395615
0.679660 0.409476
0.680685 0.409684
0.481780 0.395805
0.480696 0.395712
0.666363 0.406735
0.667380 0.406945
0.667386 0.406946
0.666357 0.406734
0.741786 0.417379
0.668403 0.407156
0.191707 0.122326
0.191769 0.122592
0.192112 0.123365
0.192144 0.123437
0.003310 0.563480
0.003528 0.563054
0.003928 0.562636
0.001621 0.565555
0.002080 0.565178
0.008275 0.556752
0.007907 0.557193
0.007654 0.557591
0.212536 0.166337
0.212923 0.167104
0.213078 0.167408
0.034419 0.521531
0.034694 0.521148
0.034071 0.521987
0.191402 0.121029
0.191208 0.120217
0.191096 0.119732
0.191514 0.121514
0.071414 0.474870
0.071252 0.475016
0.232420 0.205654
0.232033 0.204887
0.232574 0.205957
0.231878 0.204583
0.232961 0.206725
0.233116 0.207028
0.060224 0.486777
0.060854 0.485941
0.066212 0.479813
0.065762 0.480271
0.065008 0.481062
0.064272 0.481859
0.063553 0.482663
0.062852 0.483473
0.062168 0.484289
0.061503 0.485112
0.218339 0.177813
0.095363 0.453749
0.096055 0.453140
0.095200 0.453895
0.050261 0.500190
0.050607 0.499733
0.051230 0.498895
0.050884 0.499352
0.046249 0.505602
0.045902 0.506058
0.045626 0.506440
0.048393 0.502705
0.048117 0.503086
0.054343 0.494703
0.053997 0.495160
0.053720 0.495541
0.054620 0.494322
0.053374 0.495998
0.053098 0.496379
0.078949 0.468227
0.037807 0.516957
0.037532 0.517339
0.038155 0.516501
0.099476 0.450123
0.040023 0.513985
0.039675 0.514442
0.039400 0.514824
0.040298 0.513603
0.098784 0.450731
0.098621 0.450877
0.097766 0.451632
0.097929 0.451486
0.043136 0.509793
0.042789 0.510250
0.042513 0.510632
0.042166 0.511088
0.041890 0.511470
0.094507 0.454503
0.094345 0.454649
0.093652 0.455257
0.093489 0.455403
0.092797 0.456012
0.092634 0.456158
0.091942 0.456766
0.335097 0.340410
0.334396 0.340076
0.334180 0.339974
0.335313 0.340513
0.336013 0.340846
0.768923 0.320110
0.769118 0.321384
0.769702 0.325088
0.769897 0.326362
0.347223 0.346183
0.347924 0.346516
0.348140 0.346619
0.348840 0.346953
0.774034 0.386421
0.773520 0.387629
0.773464 0.387759
0.342642 0.344002
0.343343 0.344336
0.344259 0.344772
0.343559 0.344438
0.756644 0.241716
0.757239 0.245420
0.760545 0.266620
0.761134 0.270324
0.760355 0.265345
0.166156 0.013856
0.166363 0.014665
0.166058 0.013367
0.167686 0.020343
0.167583 0.019855
0.167888 0.021153
0.774607 0.385088
0.340810 0.343130
0.339678 0.342591
0.339894 0.342693
0.340594 0.343027
0.008531 0.556355
0.008897 0.555913
0.009155 0.555517
0.009519 0.555073
0.009778 0.554679
0.010142 0.554234
0.010402 0.553841
0.306694 0.326890
0.305994 0.326556
0.305778 0.326453
0.007283 0.558031
0.007032 0.558431
0.005789 0.560111
0.006034 0.559706
0.006411 0.559271
0.006659 0.558868
0.314240 0.330481
0.314940 0.330815
0.315156 0.330917
0.315856 0.331251
0.323186 0.334740
0.322486 0.334406
0.322270 0.334304
0.301413 0.324375
0.302113 0.324709
0.302329 0.324811
0.301197 0.324273
0.300497 0.323939
0.300281 0.323836
0.088520 0.459783
0.089213 0.459175
0.089376 0.459029
0.247738 0.235941
0.248125 0.236708
0.248279 0.237011
0.252070 0.244507
0.251916 0.244204
0.251529 0.243436
0.247583 0.235637
0.247196 0.234870
0.246655 0.233799
0.247042 0.234566
0.273178 0.288081
0.273406 0.288631
0.273633 0.289170
0.246500 0.233496
0.246113 0.232728
0.262284 0.264985
0.261759 0.263887
0.260701 0.261701
0.261231 0.262792
0.262552 0.265548
0.031306 0.525723
0.031580 0.525340
0.031929 0.524885
0.032551 0.524046
0.032203 0.524502
0.030061 0.527400
0.030335 0.527017
0.030683 0.526561
0.030957 0.526178
0.017610 0.544170
0.017256 0.544621
0.016987 0.545008
0.013253 0.550040
0.012895 0.550488
0.012631 0.550879
0.012271 0.551326
0.180824 0.076117
0.180713 0.075632
0.471391 0.462909
0.471249 0.460524
0.471169 0.459064
0.430328 0.380074
0.429791 0.379868
0.617331 0.397578
0.438839 0.383354
0.439247 0.383512
0.607188 0.396467
0.356666 0.350678
0.357166 0.350896
0.359190 0.351774
0.359040 0.351710
0.359977 0.352117
0.663808 0.826985
0.663375 0.827192
0.669976 0.823872
0.670777 0.823459
0.671209 0.823250
0.686812 0.815371
0.686010 0.815781
0.685579 0.815993
0.687244 0.815158
0.688046 0.814748
0.706978 0.805201
0.707781 0.804792
0.706547 0.805414
0.705744 0.805823
0.708211 0.804579
0.695446 0.811015
0.694644 0.811424
0.694213 0.811637
0.693411 0.812046
0.692980 0.812259
0.957827 0.495310
0.955926 0.495093
0.955362 0.495021
0.958391 0.495381
0.960292 0.495598
0.953461 0.494804
0.952898 0.494733
0.970153 0.496751
0.968251 0.496536
0.967687 0.496463
0.980015 0.497903
0.978113 0.497692
0.977549 0.497615
0.995417 0.499741
0.997336 0.499900
0.994837 0.499623
0.935644 0.492715
0.933743 0.492496
0.933179 0.492427
0.940574 0.493292
0.938672 0.493073
0.938109 0.493003
0.965222 0.496174
0.963321 0.495959
0.962757 0.495886
0.973182 0.497114
0.975084 0.497327
0.972618 0.497039
0.983046 0.498271
0.984949 0.498478
0.982482 0.498191
0.992928 0.499438
0.992358 0.499339
0.989886 0.499053
0.987981 0.498851
0.987417 0.498766
0.871564 0.485218
0.872127 0.485286
0.874028 0.485506
0.866635 0.484641
0.867198 0.484709
0.869099 0.484930
0.888816 0.487237
0.886915 0.487016
0.886351 0.486948
0.881422 0.486371
0.879521 0.486151
0.878957 0.486083
0.901139 0.488678
0.899238 0.488458
0.898674 0.488390
0.915927 0.490408
0.914026 0.490189
0.913462 0.490120
0.847317 0.476981
0.846369 0.476550
0.845946 0.476356
0.931278 0.492208
0.930715 0.492138
0.950996 0.494516
0.950433 0.494445
0.960856 0.495670
0.970716 0.496825
0.980579 0.497981
0.990452 0.499143
0.855540 0.480729
0.855963 0.480924
0.856910 0.481354
0.864734 0.484421
0.864170 0.484353
0.883887 0.486660
0.884450 0.486728
0.904167 0.489035
0.906068 0.489255
0.903604 0.488967
0.893745 0.487813
0.891844 0.487593
0.891280 0.487525
0.916490 0.490477
0.918391 0.490697
0.851428 0.478855
0.850481 0.478425
0.850058 0.478230
0.844576 0.475731
0.844999 0.475925
0.936208 0.492785
0.948531 0.494227
0.947968 0.494157
0.943038 0.493580
0.943602 0.493650
0.945503 0.493868
0.965786 0.496247
0.985513 0.498561
0.869663 0.484997
0.876493 0.485795
0.877056 0.485863
0.901703 0.488747
0.894309 0.487881
0.896210 0.488102
0.920856 0.490985
0.921420 0.491054
0.923321 0.491273
0.928250 0.491850
0.926349 0.491631
0.925785 0.491562
0.910997 0.489832
0.909096 0.489612
0.908533 0.489543
0.848687 0.477606
0.849110 0.477800
0.834983 0.471358
0.829501 0.468858
0.946067 0.493939
0.975647 0.497403
0.881986 0.486439
0.896773 0.488170
0.923884 0.491342
0.911561 0.489900
0.847740 0.477175
0.941137 0.493362
0.889379 0.487305
0.918955 0.490766
0.874592 0.485574
0.928814 0.491919
0.906632 0.489323
0.997985 0.500090
0.851541 0.272162
0.851114 0.272765
0.854749 0.267573
0.855391 0.266646
0.808579 0.460370
0.808377 0.460291
0.769409 0.659319
0.807258 0.459857
0.769316 0.654238
0.769350 0.655257
0.769376 0.656274
0.816303 0.463369
0.769272 0.665375
0.813862 0.462422
0.814982 0.462856
0.815183 0.462935
0.769313 0.664368
0.833612 0.470733
0.832665 0.470302
0.834035 0.470927
0.832242 0.470108
0.768178 0.677354
0.768038 0.678344
0.830871 0.469483
0.829924 0.469052
0.831294 0.469677
0.768311 0.676363
0.879945 0.502968
0.881510 0.504718
0.882118 0.505405
0.879337 0.502281
0.877772 0.500531
0.755916 0.728521
0.756035 0.728064
0.756165 0.727548
0.756415 0.726576
0.756285 0.727092
0.756534 0.726119
0.756665 0.725603
0.756915 0.724630
0.756784 0.725147
0.473172 0.493669
0.472806 0.487439
0.472950 0.489824
0.473028 0.491284
0.750288 0.750433
0.750419 0.749917
0.750538 0.749460
0.750169 0.750889
0.750038 0.751405
0.749919 0.751862
0.751038 0.747515
0.751169 0.746999
0.751288 0.746543
0.748849 0.754665
0.748545 0.755456
0.748489 0.755599
0.752537 0.741680
0.752668 0.741164
0.762780 0.701805
0.762911 0.701289
0.763030 0.700833
0.866298 0.487660
0.866906 0.488346
0.764529 0.694998
0.764660 0.694482
0.764779 0.694025
0.765525 0.691107
0.761502 0.604853
0.765570 0.515586
0.765842 0.514180
0.763832 0.525316
0.702569 0.413387
0.701511 0.413239
0.703629 0.413532
0.765303 0.516989
0.762393 0.413841
0.762078 0.414580
0.761824 0.415182
0.762648 0.413239
0.784179 0.368527
0.784823 0.367602
0.785248 0.366998
0.783754 0.369132
0.782685 0.370661
0.782040 0.371586
0.783109 0.370057
0.764925 0.407874
0.765239 0.407135
0.765494 0.406533
0.765809 0.405794
0.771755 0.391780
0.772070 0.391040
0.771501 0.392382
0.778408 0.376780
0.777903 0.377504
0.778832 0.376175
0.777828 0.377678
0.777252 0.379001
0.777484 0.378466
0.777492 0.374868
0.777689 0.376141
0.825878 0.308873
0.826522 0.307947
0.826948 0.307343
0.775948 0.441747
0.779333 0.446815
0.833363 0.298166
0.832938 0.298769
0.230182 0.351542
0.229077 0.352244
0.228917 0.352346
0.230341 0.351440
0.227812 0.353049
0.122569 0.429756
0.121877 0.430365
0.121714 0.430510
0.138983 0.415278
0.138820 0.415424
0.138128 0.416033
0.133688 0.419950
0.132996 0.420559
0.144981 0.410002
0.223859 0.355563
0.222754 0.356266
0.251678 0.337870
0.251837 0.337768
0.253102 0.336964
0.252942 0.337065
0.247884 0.340283
0.246779 0.340985
0.245515 0.341789
0.246620 0.341087
0.255631 0.335355
0.256736 0.334653
0.256895 0.334551
0.035042 0.520693
0.111451 0.439562
0.110758 0.440171
0.109903 0.440925
0.110595 0.440317
0.109740 0.441071
0.109048 0.441680
0.241721 0.344202
0.241562 0.344304
0.240457 0.345006
0.234135 0.349027
0.233975 0.349129
0.232870 0.349832
0.235240 0.348325
0.235399 0.348223
0.019477 0.541654
0.019124 0.542106
0.018855 0.542492
0.287454 0.317730
0.287670 0.317833
0.019747 0.541268
0.020100 0.540815
0.023484 0.536238
0.023835 0.535784
0.024458 0.534946
0.024107 0.535400
0.052475 0.497218
0.052129 0.497675
0.051852 0.498056
0.051506 0.498513
0.052752 0.496837
0.662264 0.405890
0.661246 0.405681
0.661240 0.405679
0.495774 0.396697
0.494704 0.396649
0.500041 0.396853
0.498976 0.396819
0.496842 0.396741
0.497910 0.396782
0.513779 0.396977
0.514828 0.396963
0.646914 0.402727
0.645896 0.402517
0.193055 0.125490
0.192616 0.124500
0.192583 0.124427
0.193088 0.125562
0.206579 0.154558
0.206966 0.155325
0.207121 0.155629
0.207662 0.156699
0.208049 0.157467
0.207508 0.156396
0.027221 0.531208
0.027571 0.530754
0.027844 0.530370
0.026948 0.531592
0.028193 0.529915
0.028466 0.529532
0.213465 0.168175
0.213620 0.168478
0.187737 0.105464
0.187849 0.105949
0.188042 0.106761
0.069717 0.476383
0.070559 0.475624
0.068087 0.477921
0.068894 0.477149
0.234740 0.210241
0.235127 0.211008
0.235282 0.211312
0.234586 0.209937
0.234199 0.209170
0.182240 0.082117
0.182351 0.082603
0.182545 0.083414
0.047770 0.503543
0.047494 0.503925
0.225379 0.191733
0.224992 0.190966
0.224838 0.190663
0.218494 0.178116
0.218881 0.178884
0.219035 0.179187
0.036287 0.519016
0.036562 0.518633
0.036909 0.518177
0.037184 0.517795
0.039053 0.515280
0.038430 0.516118
0.038777 0.515662
0.333480 0.339640
0.333264 0.339538
0.336229 0.340949
0.336929 0.341283
0.344475 0.344874
0.345175 0.345208
0.759766 0.261640
0.759576 0.260365
0.758986 0.256660
0.166462 0.015153
0.166668 0.015963
0.166769 0.016451
0.166973 0.017260
0.766586 0.305175
0.766781 0.306449
0.767365 0.310154
0.325935 0.336049
0.325234 0.335715
0.325018 0.335613
0.775181 0.383761
0.345391 0.345310
0.776101 0.381649
0.775757 0.382437
0.775525 0.382973
0.772894 0.389097
0.772640 0.389699
0.772325 0.390439
0.776677 0.380325
0.776333 0.381113
0.776908 0.379789
0.776910 0.371163
0.776713 0.369890
0.004156 0.562217
0.004548 0.561793
0.316072 0.331353
0.316772 0.331687
0.316988 0.331790
0.757425 0.246698
0.317689 0.332123
0.317905 0.332226
0.318605 0.332560
0.318821 0.332662
0.320653 0.333534
0.321354 0.333868
0.321570 0.333970
0.761325 0.271599
0.761913 0.275304
0.762104 0.276578
0.762692 0.280283
0.299580 0.323503
0.299364 0.323400
0.281600 0.308233
0.281826 0.308772
0.282055 0.309322
0.285012 0.316395
0.285102 0.316610
0.284786 0.315856
0.284714 0.316857
0.020370 0.540429
0.020722 0.539977
0.285621 0.316858
0.280234 0.304966
0.280460 0.305505
0.280689 0.306055
0.075691 0.471098
0.076383 0.470490
0.077239 0.469736
0.076546 0.470344
0.078257 0.468835
0.077401 0.469590
0.078094 0.468982
0.253153 0.246649
0.252999 0.246345
0.252612 0.245578
0.252457 0.245275
0.253541 0.247416
0.253695 0.247720
0.251374 0.243133
0.250987 0.242366
0.274317 0.290809
0.274088 0.290259
0.273862 0.289720
0.245959 0.232425
0.245571 0.231657
0.245417 0.231354
0.272951 0.287542
0.262809 0.266086
0.208204 0.157770
0.193999 0.127615
0.193560 0.126625
0.193527 0.126553
0.194032 0.127688
0.206425 0.154255
0.206038 0.153487
0.205883 0.153184
0.026598 0.532046
0.205496 0.152416
0.205342 0.152113
0.204955 0.151345
0.024730 0.534561
0.025080 0.534107
0.025353 0.533723
0.204413 0.150274
0.204800 0.151042
0.204258 0.149971
0.021345 0.539138
0.020993 0.539591
0.021616 0.538753
0.022239 0.537915
0.021967 0.538300
0.202662 0.146762
0.202144 0.145694
0.201633 0.144627
0.025703 0.533269
0.025975 0.532885
0.026325 0.532431
0.028816 0.529077
0.269540 0.326508
0.270645 0.325806
0.269381 0.326610
0.268275 0.327313
0.014498 0.548363
0.014141 0.548812
0.013875 0.549201
0.014764 0.547974
0.015120 0.547524
0.013518 0.549650
0.180518 0.074820
0.180407 0.074335
0.429382 0.379709
0.428845 0.379503
0.618347 0.397708
0.439784 0.383718
0.606176 0.396375
0.355469 0.350108
0.356169 0.350442
0.356385 0.350544
0.767516 0.401770
0.767771 0.401168
0.768086 0.400429
0.768655 0.399088
0.768340 0.399827
0.357316 0.350960
0.358103 0.351303
0.358253 0.351367
0.360126 0.352181
0.360914 0.352524
0.361063 0.352588
0.767202 0.402510
0.766947 0.403111
0.662575 0.827608
0.662141 0.827815
0.675711 0.820971
0.674910 0.821382
0.674477 0.821593
0.673676 0.822005
0.684777 0.816403
0.684345 0.816615
0.688477 0.814536
0.689279 0.814126
0.697913 0.809770
0.697111 0.810179
0.696680 0.810393
0.698344 0.809557
0.695877 0.810802
0.775422 0.474406
0.775825 0.472845
0.776620 0.469702
0.776224 0.471277
0.849402 0.275221
0.850045 0.274295
0.850471 0.273692
0.805735 0.459265
0.855818 0.266044
0.856460 0.265117
0.769395 0.657290
0.769406 0.658305
0.807056 0.459778
0.805937 0.459344
0.869079 0.490783
0.870644 0.492533
0.871253 0.493220
0.868471 0.490097
0.872817 0.494970
0.873426 0.495657
0.761781 0.705696
0.761912 0.705180
0.762031 0.704723
0.877164 0.499844
0.875599 0.498094
0.874991 0.497407
0.760163 0.711987
0.760282 0.711531
0.760413 0.711015
0.755535 0.730009
0.755666 0.729493
0.755785 0.729037
0.755416 0.730466
0.755035 0.731954
0.755166 0.731438
0.755285 0.730982
0.754916 0.732411
0.774873 0.875750
0.774531 0.875388
0.774148 0.874366
0.772201 0.870309
0.772000 0.869947
0.771561 0.868960
0.770921 0.867612
0.771364 0.868597
0.769007 0.863569
0.769455 0.864550
0.769645 0.864916
0.768369 0.862221
0.768819 0.863202
0.764999 0.855116
0.764545 0.854137
0.765182 0.855484
0.764362 0.853768
0.763908 0.852789
0.763271 0.851442
0.763726 0.852421
0.763089 0.851073
0.762634 0.850095
0.762452 0.849726
0.761997 0.848747
0.761815 0.848378
0.761360 0.847400
0.760723 0.846053
0.761179 0.847031
0.760086 0.844706
0.760542 0.845683
0.759905 0.844336
0.759449 0.843358
0.759269 0.842989
0.758812 0.842011
0.758175 0.840664
0.758632 0.841641
0.757538 0.839316
0.757995 0.840294
0.757358 0.838947
0.756902 0.837969
0.756722 0.837599
0.756265 0.836622
0.756085 0.836252
0.755628 0.835275
0.755448 0.834905
0.754991 0.833927
0.754354 0.832580
0.754811 0.833557
0.754175 0.832210
0.753717 0.831233
0.753538 0.830863
0.753080 0.829886
0.752443 0.828538
0.752901 0.829515
0.751807 0.827191
0.752264 0.828168
0.751628 0.826821
0.751170 0.825844
0.750991 0.825474
0.750533 0.824497
0.750354 0.824126
0.749896 0.823150
0.749259 0.821802
0.749717 0.822779
0.749080 0.821432
0.748622 0.820455
0.748444 0.820085
0.747986 0.819108
0.747349 0.817761
0.747807 0.818737
0.747170 0.817390
0.746712 0.816413
0.746533 0.816043
0.746075 0.815066
0.745897 0.814696
0.745438 0.813719
0.745260 0.813348
0.744801 0.812372
0.744623 0.812001
0.744165 0.811024
0.743528 0.809677
0.743986 0.810654
0.743350 0.809307
0.742891 0.808330
0.742254 0.806983
0.742713 0.807959
0.742076 0.806612
0.741617 0.805636
0.741439 0.805265
0.740981 0.804288
0.740344 0.802941
0.740803 0.803918
0.740166 0.802570
0.739707 0.801594
0.739529 0.801223
0.739070 0.800247
0.738433 0.798899
0.738892 0.799876
0.738255 0.798529
0.737797 0.797552
0.737619 0.797181
0.737160 0.796205
0.736523 0.794858
0.736982 0.795834
0.736345 0.794487
0.735886 0.793511
0.735708 0.793140
0.735249 0.792163
0.735072 0.791792
0.757534 0.722229
0.757664 0.721713
0.757784 0.721256
0.914111 0.541273
0.914717 0.541962
0.912543 0.539525
0.911937 0.538836
0.910370 0.537088
0.932105 0.561466
0.931503 0.560772
0.929932 0.559027
0.758033 0.720284
0.758164 0.719768
0.758283 0.719311
0.909764 0.536399
0.908197 0.534650
0.758414 0.718795
0.758533 0.718339
0.757914 0.720740
0.758783 0.717366
0.758914 0.716850
0.759033 0.716394
0.758664 0.717823
0.759163 0.715878
0.759283 0.715421
0.757034 0.724174
0.757165 0.723658
0.757284 0.723201
0.757415 0.722685
0.916284 0.543710
0.916890 0.544400
0.925584 0.554151
0.924980 0.553460
0.923411 0.551713
0.921237 0.549275
0.922806 0.551022
0.748905 0.754522
0.749209 0.753732
0.749265 0.753589
0.749568 0.752798
0.749624 0.752655
0.749900 0.751938
0.751843 0.752494
0.753711 0.753014
0.760130 0.754852
0.748185 0.756389
0.748129 0.756532
0.772635 0.871298
0.772843 0.871659
0.770728 0.867248
0.770283 0.866264
0.770091 0.865899
0.768182 0.861854
0.767732 0.860874
0.765764 0.690132
0.761348 0.603742
0.767604 0.505651
0.767919 0.504215
0.778775 0.445967
0.772562 0.485163
0.725125 0.415852
0.772169 0.486654
0.771025 0.491101
0.770655 0.492575
0.705752 0.413812
0.704689 0.413673
0.766405 0.511354
0.766121 0.512769
0.711088 0.414463
0.710017 0.414339
0.767295 0.507083
0.708949 0.414211
0.706816 0.413948
0.696246 0.412459
0.697296 0.412621
0.764062 0.523938
0.764298 0.522557
0.768909 0.398486
0.769224 0.397746
0.769478 0.397145
0.769793 0.396405
0.770048 0.395803
0.770363 0.395064
0.349056 0.347055
0.349756 0.347389
0.352505 0.348697
0.351804 0.348363
0.351588 0.348261
0.831225 0.301225
0.831868 0.300299
0.832294 0.299695
0.227653 0.353151
0.226548 0.353853
0.226388 0.353955
0.137965 0.416178
0.137273 0.416787
0.136417 0.417541
0.137109 0.416932
0.136254 0.417687
0.135562 0.418296
0.135399 0.418441
0.220066 0.357976
0.218961 0.358678
0.218801 0.358780
0.220225 0.357874
0.217696 0.359483
0.132833 0.420704
0.132141 0.421313
0.131286 0.422067
0.131978 0.421458
0.199994 0.370742
0.199834 0.370844
0.198729 0.371546
0.198570 0.371648
0.143097 0.411652
0.142405 0.412261
0.142241 0.412407
0.141549 0.413015
0.139675 0.414670
0.139839 0.414524
0.222595 0.356368
0.221490 0.357070
0.221330 0.357172
0.260529 0.332240
0.259424 0.332942
0.033174 0.523208
0.032825 0.523663
0.242827 0.343500
0.242986 0.343398
0.108885 0.441825
0.108192 0.442434
0.240298 0.345108
0.239192 0.345810
0.239033 0.345912
0.237928 0.346615
0.232711 0.349934
0.231606 0.350636
0.231446 0.350738
0.237769 0.346717
0.236663 0.347419
0.236504 0.347521
0.289286 0.318603
0.288586 0.318269
0.288370 0.318166
0.018232 0.543331
0.018501 0.542944
0.017879 0.543782
0.493634 0.396598
0.511678 0.396997
0.649984 0.403359
0.648966 0.403150
0.002264 0.564724
0.002693 0.564326
0.002898 0.563889
0.029089 0.528693
0.029438 0.528238
0.029712 0.527855
0.208591 0.158538
0.035316 0.520310
0.035664 0.519854
0.035939 0.519472
0.214007 0.169246
0.224451 0.189895
0.184683 0.092494
0.184794 0.092979
0.184988 0.093791
0.185294 0.095088
0.185100 0.094276
0.188154 0.107246
0.188348 0.108058
0.244488 0.229516
0.244876 0.230283
0.245030 0.230586
0.244334 0.229212
0.240002 0.220646
0.240156 0.220949
0.240543 0.221716
0.241781 0.224161
0.242168 0.224929
0.242322 0.225232
0.242709 0.226000
0.242864 0.226303
0.241626 0.223858
0.239614 0.219878
0.236211 0.213150
0.235823 0.212382
0.235669 0.212079
0.236365 0.213453
0.234044 0.208867
0.233657 0.208099
0.233503 0.207796
0.181740 0.080008
0.181934 0.080820
0.219964 0.181025
0.219577 0.180258
0.219422 0.179954
0.041543 0.511927
0.040645 0.513147
0.040921 0.512765
0.041268 0.512309
0.096910 0.452386
0.097073 0.452240
0.096218 0.452994
0.184072 0.089900
0.183878 0.089088
0.183767 0.088603
0.182046 0.081305
0.043411 0.509412
0.043758 0.508955
0.044381 0.508117
0.044034 0.508573
0.046525 0.505220
0.046871 0.504763
0.047148 0.504382
0.224296 0.189592
0.220505 0.182096
0.220118 0.181328
0.220660 0.182399
0.187543 0.104652
0.187431 0.104167
0.187238 0.103355
0.187126 0.102870
0.186210 0.098979
0.186322 0.099464
0.186515 0.100276
0.185904 0.097682
0.186016 0.098167
0.223368 0.187753
0.223755 0.188521
0.223909 0.188824
0.223213 0.187450
0.222826 0.186683
0.185599 0.096385
0.185711 0.096870
0.185405 0.095573
0.332564 0.339204
0.332348 0.339102
0.338978 0.342257
0.338761 0.342155
0.773793 0.351251
0.774376 0.354956
0.775155 0.359934
0.774572 0.356229
0.346307 0.345746
0.346091 0.345644
0.347007 0.346080
0.758797 0.255384
0.758206 0.251680
0.758018 0.250403
0.165145 0.009472
0.164929 0.008665
0.164841 0.008173
0.165754 0.012069
0.165543 0.011261
0.165449 0.010771
0.165850 0.012558
0.768144 0.315132
0.767560 0.311427
0.165236 0.009963
0.768339 0.316405
0.764249 0.290240
0.763663 0.286536
0.763471 0.285261
0.762884 0.281557
0.167380 0.019045
0.167278 0.018558
0.167075 0.017748
0.765028 0.295219
0.764443 0.291514
0.327983 0.337023
0.328683 0.337357
0.328899 0.337460
0.327767 0.336921
0.329599 0.337793
0.326151 0.336151
0.326851 0.336485
0.327067 0.336587
0.324102 0.335176
0.324318 0.335279
0.323402 0.334843
0.004783 0.561381
0.005168 0.560952
0.005409 0.560543
0.298664 0.323066
0.298448 0.322964
0.282281 0.309861
0.282510 0.310411
0.282736 0.310950
0.282965 0.311500
0.284554 0.316959
0.283449 0.317662
0.283290 0.317763
0.282185 0.318466
0.282025 0.318568
0.284102 0.314217
0.284331 0.314767
0.284557 0.315306
0.283876 0.313678
0.283192 0.312039
0.283421 0.312589
0.283647 0.313128
0.280005 0.304416
0.279779 0.303877
0.280916 0.306594
0.281145 0.307144
0.281371 0.307683
0.269630 0.280392
0.269897 0.280955
0.270155 0.281493
0.272722 0.286993
0.272496 0.286453
0.272334 0.286063
0.274005 0.283443
0.254624 0.249558
0.254236 0.248790
0.254082 0.248487
0.250833 0.242062
0.250445 0.241295
0.266482 0.273789
0.266225 0.273251
0.265957 0.272689
0.268323 0.277653
0.268056 0.277091
0.268581 0.278191
0.266749 0.274352
0.267007 0.274890
0.208746 0.158841
0.194943 0.129740
0.194504 0.128750
0.194471 0.128678
0.194975 0.129813
0.016633 0.545459
0.197335 0.135126
0.197774 0.136116
0.197807 0.136189
0.196863 0.134063
0.197302 0.135054
0.198246 0.137179
0.198279 0.137251
0.203187 0.147831
0.203719 0.148901
0.200634 0.142495
0.201130 0.143561
0.268116 0.327414
0.267011 0.328117
0.266852 0.328219
0.016010 0.546297
0.016365 0.545847
0.015742 0.546685
0.015387 0.547135
0.292951 0.320347
0.180213 0.073523
0.180102 0.073038
0.428437 0.379345
0.427900 0.379139
0.440193 0.383876
0.766063 0.405192
0.766378 0.404453
0.766632 0.403851
0.661341 0.828230
0.660907 0.828437
0.679411 0.819104
0.678610 0.819515
0.678178 0.819726
0.683543 0.817025
0.683112 0.817237
0.692177 0.812669
0.691746 0.812882
0.856887 0.264514
0.857529 0.263587
0.857957 0.262984
0.883684 0.507155
0.884292 0.507842
0.888638 0.512716
0.890203 0.514466
0.890811 0.515153
0.760532 0.710558
0.760662 0.710042
0.760782 0.709586
0.888030 0.512029
0.886465 0.510279
0.885857 0.509592
0.759782 0.713476
0.759913 0.712960
0.760032 0.712503
0.892377 0.516903
0.892984 0.517590
0.929328 0.558335
0.927758 0.556589
0.927154 0.555897
0.936454 0.566345
0.935853 0.565649
0.934280 0.563905
0.933678 0.563210
0.920632 0.548585
0.919064 0.546837
0.918458 0.546148
0.812243 0.769598
0.810025 0.769074
0.803584 0.767181
0.768420 0.757212
0.762000 0.755371
0.770292 0.757729
0.801638 0.766675
0.795213 0.764810
0.793313 0.764300
0.786892 0.762448
0.747770 0.757465
0.747826 0.757323
0.747466 0.758256
0.759530 0.570915
0.752787 0.740707
0.752917 0.740191
0.753037 0.739735
0.753167 0.739219
0.753286 0.738762
0.753417 0.738246
0.773903 0.874011
0.773490 0.873010
0.773270 0.872652
0.767545 0.860506
0.767094 0.859526
0.765995 0.689157
0.759663 0.713932
0.761201 0.602627
0.718614 0.415270
0.719696 0.415374
0.720778 0.415476
0.770292 0.494044
0.769935 0.495510
0.717535 0.415163
0.769584 0.496971
0.771781 0.488140
0.724036 0.415762
0.766696 0.509934
0.766992 0.508511
0.707882 0.414081
0.698348 0.412780
0.699401 0.412936
0.764540 0.521171
0.764788 0.519781
0.765043 0.518387
0.700455 0.413089
0.768240 0.502775
0.768567 0.501330
0.771400 0.489623
0.768900 0.499881
0.769239 0.498428
0.770617 0.394462
0.770932 0.393723
0.771186 0.393121
0.352721 0.348800
0.353421 0.349133
0.353637 0.349236
0.349972 0.347491
0.350672 0.347825
0.350888 0.347927
0.212479 0.362802
0.212638 0.362700
0.129412 0.423721
0.129575 0.423576
0.217537 0.359585
0.216432 0.360287
0.216273 0.360389
0.215167 0.361091
0.202363 0.369236
0.201258 0.369938
0.201099 0.370040
0.202523 0.369134
0.204892 0.367627
0.203787 0.368329
0.203628 0.368431
0.140694 0.413770
0.141386 0.413161
0.140531 0.413915
0.259265 0.333044
0.258160 0.333747
0.258000 0.333848
0.033448 0.522825
0.033796 0.522369
0.245355 0.341891
0.244250 0.342593
0.244091 0.342695
0.108029 0.442580
0.107337 0.443188
0.200145 0.141431
0.199664 0.140367
0.492562 0.396543
0.648960 0.403148
0.647943 0.402939
0.647937 0.402937
0.512729 0.396989
0.646919 0.402728
0.211453 0.164195
0.211299 0.163892
0.210912 0.163124
0.212382 0.166034
0.211995 0.165266
0.211840 0.164963
0.214161 0.169549
0.190903 0.118920
0.190791 0.118435
0.216714 0.174600
0.216327 0.173833
0.188460 0.108543
0.188653 0.109355
0.243947 0.228445
0.240697 0.222020
0.241085 0.222787
0.241239 0.223091
0.237294 0.215292
0.236907 0.214524
0.236752 0.214221
0.237448 0.215595
0.225534 0.192037
0.225921 0.192804
0.226075 0.193107
0.184377 0.091197
0.184489 0.091682
0.184184 0.090385
0.226462 0.193875
0.226617 0.194178
0.227004 0.194946
0.229170 0.199229
0.229325 0.199532
0.228783 0.198462
0.182656 0.083900
0.182850 0.084711
0.229712 0.200300
0.229866 0.200603
0.221047 0.183167
0.044657 0.507735
0.045004 0.507278
0.045280 0.506897
0.222130 0.185308
0.222284 0.185612
0.222672 0.186379
0.331648 0.338768
0.331432 0.338666
0.337145 0.341385
0.337845 0.341719
0.338061 0.341821
0.775351 0.361207
0.775934 0.364912
0.776131 0.366185
0.164621 0.007366
0.164538 0.006873
0.765222 0.296492
0.765807 0.300197
0.766001 0.301471
0.297748 0.322630
0.297532 0.322528
0.280920 0.319270
0.280761 0.319372
0.278869 0.301699
0.278640 0.301149
0.278413 0.300610
0.279095 0.302238
0.279324 0.302788
0.279550 0.303327
0.270422 0.282055
0.270680 0.282593
0.314562 0.219562
0.306893 0.231672
0.317866 0.214400
0.358656 0.150090
0.350958 0.162340
0.347539 0.167622
0.362485 0.144284
0.339867 0.179779
0.336522 0.184980
0.328853 0.197109
0.325535 0.202283
0.281677 0.271342
0.272254 0.285895
0.284964 0.266191
0.250291 0.240991
0.249904 0.240224
0.249362 0.239153
0.249750 0.239921
0.269373 0.279854
0.269105 0.279292
0.268848 0.278754
0.264383 0.269387
0.264126 0.268849
0.263859 0.268287
0.264650 0.269950
0.264908 0.270488
0.267531 0.275990
0.267799 0.276553
0.267274 0.275452
0.198718 0.138241
0.198751 0.138314
0.199127 0.139163
0.199189 0.139304
0.196830 0.133991
0.196391 0.133001
0.179907 0.072226
0.179797 0.071741
0.427491 0.378981
0.426954 0.378774
0.620380 0.397979
0.619363 0.397842
0.442084 0.384605
0.441676 0.384447
0.441139 0.384241
0.440730 0.384082
0.442621 0.384811
0.443030 0.384969
0.605164 0.396287
0.604152 0.396202
0.603140 0.396121
0.660108 0.828853
0.659673 0.829059
0.676143 0.820760
0.676944 0.820348
0.677376 0.820137
0.682310 0.817648
0.681878 0.817859
0.690944 0.813291
0.690513 0.813504
0.689710 0.813913
0.759532 0.714448
0.759413 0.714905
0.785008 0.761935
0.778588 0.760088
0.776712 0.759572
0.753536 0.737790
0.753667 0.737274
0.949592 0.581190
0.948982 0.580322
0.947352 0.578602
0.766909 0.859159
0.766457 0.858179
0.766643 0.686223
0.761060 0.601507
0.721863 0.415574
0.722949 0.415670
0.213744 0.361997
0.215008 0.361193
0.213903 0.361895
0.130430 0.422822
0.131122 0.422213
0.130267 0.422967
0.107174 0.443334
0.106482 0.443943
0.489340 0.396358
0.190896 0.122317
0.190355 0.122151
0.154359 0.110856
0.154903 0.111020
0.159502 0.112469
0.164645 0.114083
0.160045 0.112634
0.210757 0.162821
0.210370 0.162053
0.215090 0.171388
0.214703 0.170620
0.214548 0.170317
0.215244 0.171691
0.216173 0.173529
0.215786 0.172762
0.215631 0.172459
0.188765 0.109840
0.188958 0.110652
0.243251 0.227071
0.243405 0.227374
0.243792 0.228141
0.275227 0.292987
0.238377 0.217433
0.237990 0.216666
0.237835 0.216362
0.238531 0.217736
0.239073 0.218807
0.239460 0.219575
0.238918 0.218504
0.227159 0.195249
0.227546 0.196017
0.183573 0.087791
0.183461 0.087306
0.228629 0.198158
0.230949 0.202745
0.231337 0.203512
0.231491 0.203816
0.230795 0.202442
0.230408 0.201674
0.230253 0.201371
0.221743 0.184541
0.221588 0.184238
0.221201 0.183470
0.186932 0.102058
0.186821 0.101573
0.186627 0.100761
0.329815 0.337896
0.330516 0.338230
0.330732 0.338332
0.296832 0.322194
0.296616 0.322092
0.279656 0.320074
0.279496 0.320176
0.275453 0.293526
0.275682 0.294076
0.276819 0.296793
0.277048 0.297343
0.277274 0.297882
0.276593 0.296254
0.277503 0.298432
0.271996 0.285357
0.271729 0.284794
0.249208 0.238850
0.248821 0.238082
0.248667 0.237779
0.295926 0.248935
0.303597 0.236829
0.292635 0.254088
0.263601 0.267749
0.263334 0.267186
0.263076 0.266648
0.265700 0.272151
0.265433 0.271588
0.265175 0.271050
0.196359 0.132928
0.195919 0.131938
0.179602 0.070929
0.179491 0.070444
0.426545 0.378616
0.426008 0.378410
0.443567 0.385176
0.443976 0.385334
0.602129 0.396043
0.658874 0.829476
0.658439 0.829681
0.679843 0.818892
0.680645 0.818482
0.681077 0.818270
0.899504 0.524901
0.898897 0.524214
0.897331 0.522464
0.901070 0.526651
0.901677 0.527339
0.753786 0.736817
0.753917 0.736301
0.946762 0.577858
0.945163 0.576129
0.766272 0.857811
0.765820 0.856831
0.765636 0.856463
0.766219 0.688180
0.766435 0.687202
0.760925 0.600383
0.716457 0.415053
0.715380 0.414940
0.714305 0.414824
0.106319 0.444088
0.105627 0.444697
0.105463 0.444843
0.491489 0.396485
0.490415 0.396423
0.185213 0.120537
0.180613 0.119090
0.180071 0.118924
0.185755 0.120704
0.175471 0.117476
0.174929 0.117310
0.165188 0.114248
0.169787 0.115696
0.170330 0.115862
0.144617 0.107791
0.149216 0.109242
0.144072 0.107628
0.149760 0.109406
0.209132 0.159609
0.209287 0.159912
0.189070 0.111137
0.189264 0.111949
0.227700 0.196320
0.228087 0.197088
0.228242 0.197391
0.183156 0.086009
0.183267 0.086494
0.182962 0.085197
0.163935 0.004267
0.164001 0.004767
0.164236 0.005571
0.164312 0.006067
0.163686 0.003465
0.163640 0.002956
0.295916 0.321758
0.295700 0.321656
0.278391 0.320879
0.278232 0.320980
0.277729 0.298971
0.277958 0.299521
0.278185 0.300060
0.275909 0.294615
0.276138 0.295165
0.276364 0.295704
0.271472 0.284256
0.271204 0.283694
0.270947 0.283156
0.195887 0.131866
0.195447 0.130875
0.195415 0.130803
0.179297 0.069632
0.179186 0.069147
0.621397 0.398120
0.444512 0.385540
0.444921 0.385698
0.601118 0.395969
0.657641 0.830099
0.657204 0.830303
0.896723 0.521777
0.895157 0.520027
0.894550 0.519340
0.903243 0.529088
0.903850 0.529776
0.754036 0.735845
0.754167 0.735329
0.944570 0.575410
0.942982 0.573675
0.760796 0.599255
0.713232 0.414706
0.712336 0.414604
0.712160 0.414585
0.128628 0.102785
0.124030 0.101326
0.123466 0.101169
0.134328 0.104561
0.138927 0.106014
0.133779 0.104400
0.129181 0.102944
0.139473 0.106177
0.209829 0.160983
0.210216 0.161750
0.209674 0.160679
0.189376 0.112434
0.189569 0.113246
0.163360 0.002157
0.163361 0.001622
0.162984 0.000822
0.293167 0.320450
0.293867 0.320783
0.277127 0.321683
0.276967 0.321785
0.178991 0.068335
0.178880 0.067850
0.624449 0.398564
0.623432 0.398412
0.656407 0.830723
0.655970 0.830925
0.906024 0.532213
0.907590 0.533962
0.905417 0.531525
0.942387 0.572967
0.940805 0.571229
0.940207 0.570527
0.938629 0.568786
0.938030 0.568087
0.754785 0.732927
0.754666 0.733383
0.760674 0.598123
0.113667 0.098055
0.118266 0.099549
0.118869 0.099702
0.189681 0.113731
0.189875 0.114543
0.294083 0.320886
0.294783 0.321220
0.294999 0.321322
0.275862 0.322487
0.275703 0.322589
0.178686 0.067038
0.178575 0.066553
0.425600 0.378252
0.622414 0.398264
0.424117 0.377681
0.424654 0.377887
0.425063 0.378046
0.423708 0.377523
0.419389 0.375859
0.418980 0.375701
0.418443 0.375495
0.445458 0.385904
0.600108 0.395898
0.599097 0.395831
0.655173 0.831346
0.654735 0.831546
0.754416 0.734356
0.754286 0.734872
0.754536 0.733899
0.760557 0.596987
0.189987 0.115028
0.190180 0.115841
0.274598 0.323291
0.274438 0.323393
0.178380 0.065741
0.178270 0.065256
0.423172 0.377317
0.628524 0.399204
0.629544 0.399373
0.632604 0.399901
0.631584 0.399721
0.630564 0.399545
0.590019 0.395383
0.591027 0.395419
0.589012 0.395351
0.584987 0.395257
0.585993 0.395275
0.586999 0.395297
0.588006 0.395322
0.636689 0.400653
0.637711 0.400850
0.638734 0.401051
0.625468 0.398719
0.626486 0.398877
0.627505 0.399039
0.595060 0.395597
0.596069 0.395650
0.597078 0.395707
0.639756 0.401255
0.633625 0.400084
0.634646 0.400270
0.635668 0.400460
0.592035 0.395458
0.593043 0.395501
0.640779 0.401462
0.598087 0.395767
0.594051 0.395547
0.445867 0.386063
0.446404 0.386269
0.446813 0.386427
0.448295 0.386998
0.447758 0.386792
0.447349 0.386633
0.448704 0.387156
0.449241 0.387362
0.449649 0.387520
0.653500 0.832168
0.652706 0.832594
0.653940 0.831970
0.760446 0.595846
0.190292 0.116325
0.190485 0.117138
0.190598 0.117623
0.273333 0.324096
0.273174 0.324197
0.178075 0.064444
0.177964 0.063959
0.422763 0.377159
0.422226 0.376952
0.421817 0.376794
0.421280 0.376588
0.420872 0.376430
0.420335 0.376224
0.419926 0.376065
0.418035 0.375336
0.450186 0.387726
0.450595 0.387885
0.760342 0.594701
0.270804 0.325704
0.271910 0.325002
0.272069 0.324900
0.177769 0.063147
0.177659 0.062662
0.416552 0.374766
0.417089 0.374972
0.417498 0.375130
0.415606 0.374402
0.416143 0.374608
0.415198 0.374243
0.414661 0.374037
0.414252 0.373879
0.413715 0.373673
0.451132 0.388091
0.451541 0.388249
0.760065 0.591241
0.177464 0.061850
0.177353 0.061364
0.413306 0.373514
0.412770 0.373308
0.452078 0.388455
0.452486 0.388614
0.760243 0.593552
0.760151 0.592399
0.177158 0.060553
0.177048 0.060067
0.412361 0.373150
0.411824 0.372944
0.453023 0.388820
0.453432 0.388978
0.176853 0.059256
0.176743 0.058770
0.411415 0.372786
0.410878 0.372579
0.453969 0.389184
0.454378 0.389342
0.410469 0.372421
0.409933 0.372215
0.454915 0.389549
0.455323 0.389707
0.176548 0.057959
0.176437 0.057473
0.409524 0.372057
0.408987 0.371851
0.455860 0.389913
0.456269 0.390071
0.175827 0.054879
0.175937 0.055365
0.176132 0.056176
0.176242 0.056662
0.175631 0.054068
0.175521 0.053582
0.408578 0.371692
0.408041 0.371486
0.456806 0.390277
0.457215 0.390436
0.175326 0.052770
0.175216 0.052285
0.407633 0.371328
0.407096 0.371122
0.457751 0.390642
0.458160 0.390800
0.175020 0.051473
0.174910 0.050988
0.406687 0.370964
0.406150 0.370757
0.460588 0.391735
0.460051 0.391529
0.174715 0.050176
0.174605 0.049691
0.405741 0.370599
0.405204 0.370393
0.459643 0.391371
0.459106 0.391164
0.458697 0.391006
0.404796 0.370235
0.404259 0.370029
0.174409 0.048879
0.174300 0.048394
0.403850 0.369870
0.403313 0.369664
0.173689 0.045799
0.173798 0.046285
0.173994 0.047097
0.174104 0.047582
0.173493 0.044988
0.173384 0.044502
0.402904 0.369506
0.402367 0.369300
0.173187 0.043691
0.173078 0.043205
0.401959 0.369141
0.401422 0.368935
0.172882 0.042394
0.172773 0.041908
0.399122 0.368048
0.399531 0.368206
0.172576 0.041097
0.172468 0.040611
0.400476 0.368571
0.401013 0.368777
0.400067 0.368413
0.172271 0.039800
0.172162 0.039314
0.171965 0.038503
0.171857 0.038017
0.171660 0.037206
0.171552 0.036720
0.171354 0.035908
0.171246 0.035422
0.171049 0.034611
0.170941 0.034125
0.170743 0.033314
0.170636 0.032828
0.170437 0.032017
0.170330 0.031531
0.170132 0.030720
0.170025 0.030234
0.169826 0.029423
0.169720 0.028937
0.169521 0.028126
0.169415 0.027639
0.169215 0.026829
0.169109 0.026342
0.168909 0.025531
0.168804 0.025045
0.168604 0.024234
0.168499 0.023747
0.167992 0.021640
0.168194 0.022450
0.168298 0.022937
