0.382728 0.532362
0.381495 0.532474
0.380264 0.532585
0.343332 0.020187
0.343693 0.020559
0.344687 0.022183
0.412293 0.559552
0.412795 0.560533
0.407158 0.549749
0.407680 0.550729
0.408201 0.551709
0.406634 0.548770
0.406107 0.547790
0.417232 0.569363
0.417715 0.570344
0.418196 0.571326
0.473096 0.708178
0.473120 0.708242
0.472746 0.707256
0.403447 0.542892
0.403983 0.543872
0.402369 0.540934
0.402909 0.541913
0.404274 0.511834
0.404651 0.510819
0.397161 0.530133
0.397572 0.529116
0.399599 0.524031
0.399197 0.525048
0.399999 0.523014
0.398794 0.526065
0.347250 0.026085
0.346233 0.024484
0.345974 0.024137
0.344964 0.022529
0.347502 0.026433
0.348523 0.028031
0.442844 0.628324
0.442868 0.628385
0.443218 0.629309
0.443241 0.629371
0.411788 0.558571
0.411281 0.557591
0.410262 0.555630
0.410773 0.556610
0.416747 0.568381
0.416260 0.567400
0.415771 0.566419
0.396797 0.531032
0.396862 0.531146
0.409235 0.553670
0.409750 0.554650
0.481709 0.730916
0.482059 0.731839
0.482083 0.731902
0.405579 0.546810
0.405049 0.545831
0.404517 0.544851
0.429636 0.595888
0.430068 0.596872
0.428765 0.593921
0.429201 0.594905
0.428327 0.592938
0.427002 0.589989
0.427445 0.590972
0.422918 0.581145
0.423380 0.582127
0.423839 0.583109
0.418573 0.572097
0.418676 0.572307
0.419155 0.573289
0.420108 0.575252
0.420581 0.576234
0.421052 0.577216
0.469758 0.699369
0.470108 0.700291
0.470132 0.700355
0.421522 0.578198
0.421989 0.579180
0.470481 0.701277
0.470505 0.701341
0.419632 0.574271
0.422455 0.580162
0.469734 0.699306
0.469385 0.698383
0.468265 0.695425
0.468614 0.696348
0.468638 0.696411
0.305104 0.537420
0.306017 0.537365
0.306313 0.537348
0.307522 0.537275
0.308436 0.537220
0.308731 0.537202
0.307227 0.537292
0.284254 0.538674
0.284549 0.538656
0.283340 0.538729
0.480963 0.728945
0.480938 0.728881
0.480589 0.727959
0.480216 0.726973
0.480565 0.727895
0.481685 0.730853
0.481336 0.729930
0.481312 0.729867
0.409390 0.497619
0.409741 0.496604
0.409036 0.498634
0.460686 0.308258
0.460511 0.308933
0.460424 0.309269
0.031547 0.444748
0.029830 0.443944
0.031811 0.444866
0.418851 0.468217
0.418550 0.469230
0.417326 0.473282
0.417015 0.474296
0.427632 0.435841
0.427673 0.435679
0.427894 0.434829
0.459376 0.313314
0.459201 0.313990
0.459114 0.314325
0.458153 0.318035
0.458328 0.317359
0.458415 0.317024
0.419744 0.465179
0.419448 0.466192
0.458590 0.316348
0.458066 0.318371
0.420038 0.464167
0.188245 0.517675
0.189964 0.518475
0.190225 0.518596
0.422874 0.454045
0.423148 0.453033
0.264908 0.539837
0.263995 0.539892
0.263699 0.539909
0.283045 0.538746
0.403513 0.513866
0.403894 0.512850
0.403130 0.514883
0.402745 0.515899
0.402358 0.516915
0.405401 0.508787
0.405027 0.509803
0.405773 0.507771
0.406511 0.505740
0.406143 0.506756
0.406877 0.504725
0.400793 0.520981
0.400397 0.521998
0.401187 0.519964
0.401970 0.517931
0.401579 0.518948
0.408681 0.499649
0.408324 0.500664
0.407965 0.501679
0.407604 0.502694
0.407242 0.503709
0.389097 0.090207
0.388063 0.088618
0.387830 0.088264
0.386562 0.086321
0.385528 0.084732
0.385295 0.084379
0.386796 0.086675
0.384261 0.082789
0.384027 0.082436
0.443599 0.173743
0.443832 0.174098
0.444867 0.175686
0.361446 0.047818
0.362477 0.049409
0.361210 0.047466
0.362713 0.049761
0.363745 0.051351
0.178344 0.513067
0.178083 0.512946
0.176364 0.512145
0.174384 0.511224
0.176103 0.512024
0.408223 0.943052
0.407678 0.944228
0.407246 0.945139
0.490299 0.753591
0.490267 0.753505
0.489926 0.752605
0.449193 0.645083
0.448844 0.644161
0.449218 0.645147
0.449567 0.646069
0.449591 0.646132
0.444735 0.633314
0.445085 0.634239
0.445109 0.634300
0.374123 0.533107
0.375349 0.533007
0.446977 0.639231
0.447326 0.640154
0.447350 0.640217
0.446953 0.639168
0.446603 0.638244
0.446229 0.637258
0.446579 0.638182
0.447700 0.641140
0.447724 0.641203
0.433869 0.605727
0.433454 0.604742
0.434281 0.606711
0.459301 0.671765
0.459651 0.672687
0.459675 0.672751
0.433038 0.603758
0.432620 0.602774
0.442098 0.626352
0.442121 0.626413
0.442471 0.627338
0.442494 0.627399
0.383963 0.532247
0.436716 0.612618
0.437114 0.613603
0.437511 0.614588
0.435101 0.608680
0.434692 0.607695
0.336245 0.535548
0.336540 0.535530
0.337454 0.535475
0.338663 0.535402
0.337749 0.535457
0.482806 0.733811
0.482456 0.732888
0.482432 0.732825
0.254027 0.540491
0.254322 0.540474
0.253113 0.540546
0.251904 0.540619
0.252818 0.540564
0.482830 0.733874
0.474240 0.711199
0.474216 0.711136
0.473867 0.710213
0.272458 0.539383
0.273372 0.539328
0.273667 0.539310
0.477601 0.720072
0.477577 0.720009
0.477228 0.719086
0.476854 0.718100
0.477204 0.719023
0.476107 0.716128
0.476457 0.717051
0.476481 0.717114
0.413296 0.561514
0.476830 0.718037
0.413795 0.562494
0.414292 0.563475
0.414787 0.564456
0.476083 0.716065
0.475734 0.715143
0.475360 0.714157
0.475710 0.715079
0.475336 0.714093
0.474987 0.713171
0.415280 0.565437
0.401827 0.539955
0.408719 0.552689
0.479469 0.725001
0.479445 0.724938
0.479095 0.724015
0.465650 0.688524
0.466000 0.689447
0.466024 0.689510
0.465626 0.688461
0.465277 0.687538
0.466373 0.690433
0.466397 0.690496
0.426556 0.589006
0.426108 0.588023
0.427887 0.591955
0.424297 0.584092
0.468240 0.695362
0.467891 0.694440
0.424753 0.585075
0.425658 0.587040
0.425206 0.586057
0.272163 0.539400
0.271249 0.539456
0.270954 0.539473
0.259158 0.540183
0.260072 0.540127
0.260368 0.540110
0.480191 0.726910
0.479842 0.725987
0.479818 0.725924
0.261577 0.540037
0.262490 0.539982
0.262786 0.539965
0.261281 0.540055
0.291804 0.538220
0.292717 0.538165
0.293013 0.538147
0.293927 0.538092
0.294222 0.538075
0.295136 0.538019
0.295431 0.538002
0.469361 0.698320
0.469011 0.697397
0.468987 0.697334
0.299058 0.537784
0.299972 0.537728
0.300267 0.537711
0.296345 0.537947
0.296640 0.537929
0.298763 0.537801
0.297849 0.537856
0.297554 0.537874
0.258863 0.540200
0.257949 0.540256
0.478987 0.268162
0.477561 0.269013
0.477190 0.269235
0.462345 0.301854
0.462258 0.302190
0.462520 0.301179
0.414467 0.482404
0.414791 0.481390
0.462607 0.300843
0.462782 0.300167
0.136761 0.493713
0.138479 0.494514
0.138741 0.494635
0.126860 0.489105
0.128579 0.489906
0.128840 0.490027
0.458677 0.316012
0.458852 0.315337
0.458939 0.315001
0.419150 0.467205
0.471797 0.272453
0.470370 0.273304
0.469999 0.273526
0.091217 0.472516
0.092935 0.473317
0.093197 0.473438
0.065212 0.460415
0.063494 0.459613
0.065475 0.460535
0.061514 0.458692
0.063232 0.459493
0.464603 0.253608
0.464847 0.254592
0.464503 0.253211
0.067193 0.461337
0.067455 0.461456
0.033791 0.445788
0.033528 0.445670
0.152602 0.501086
0.152341 0.500965
0.150622 0.500164
0.156563 0.502929
0.156301 0.502808
0.154582 0.502008
0.154321 0.501887
0.130559 0.490828
0.130820 0.490948
0.421479 0.459105
0.421195 0.460117
0.421762 0.458093
0.457367 0.321069
0.457280 0.321404
0.457105 0.322080
0.457018 0.322416
0.456843 0.323091
0.420908 0.461129
0.420620 0.462142
0.457542 0.320393
0.187984 0.517554
0.186265 0.516753
0.184285 0.515832
0.186004 0.516632
0.184023 0.515711
0.182305 0.514910
0.425536 0.443931
0.425315 0.444780
0.425274 0.444942
0.425798 0.442919
0.425577 0.443769
0.425053 0.445792
0.425012 0.445953
0.453961 0.334215
0.454136 0.333540
0.454223 0.333204
0.423957 0.449999
0.424223 0.448987
0.424487 0.447976
0.452913 0.338260
0.452826 0.338596
0.452651 0.339272
0.221908 0.533342
0.221647 0.533221
0.219928 0.532420
0.212007 0.528734
0.213726 0.529535
0.213987 0.529656
0.453874 0.334551
0.208047 0.526891
0.209766 0.527691
0.210027 0.527812
0.454398 0.332528
0.211746 0.528613
0.456756 0.323427
0.456581 0.324103
0.456494 0.324438
0.192206 0.519518
0.193924 0.520319
0.194186 0.520440
0.191944 0.519397
0.422599 0.455057
0.422322 0.456069
0.455533 0.328148
0.455708 0.327472
0.455795 0.327136
0.456057 0.326125
0.456232 0.325449
0.456319 0.325114
0.422043 0.457081
0.455970 0.326461
0.207785 0.526770
0.206067 0.525969
0.455446 0.328483
0.455271 0.329159
0.200126 0.523204
0.201845 0.524005
0.202106 0.524126
0.423419 0.452022
0.195904 0.521240
0.196166 0.521361
0.199865 0.523083
0.198146 0.522283
0.197885 0.522162
0.426625 0.439724
0.426846 0.438874
0.426887 0.438713
0.432651 0.416465
0.432872 0.415615
0.432610 0.416626
0.430293 0.425566
0.430252 0.425728
0.430031 0.426577
0.237488 0.540594
0.237749 0.540715
0.235769 0.539793
0.247068 0.540910
0.247981 0.540854
0.246772 0.540927
0.444966 0.368934
0.445053 0.368599
0.445228 0.367923
0.445577 0.366576
0.445490 0.366912
0.445315 0.367588
0.278208 0.539037
0.278504 0.539020
0.279418 0.538964
0.442608 0.378036
0.442433 0.378712
0.442346 0.379047
0.440773 0.385115
0.440861 0.384779
0.441035 0.384104
0.436016 0.403480
0.435795 0.404329
0.435754 0.404491
0.432389 0.417476
0.436057 0.403318
0.436278 0.402468
0.436319 0.402307
0.304808 0.537438
0.303895 0.537493
0.303599 0.537510
0.435271 0.406352
0.435492 0.405502
0.435533 0.405341
0.309645 0.537147
0.434747 0.408374
0.434968 0.407525
0.435009 0.407363
0.435230 0.406513
0.432913 0.415453
0.434706 0.408536
0.434485 0.409386
0.438112 0.395389
0.438153 0.395228
0.437891 0.396239
0.397981 0.528099
0.398389 0.527082
0.319317 0.536565
0.319613 0.536548
0.320526 0.536493
0.369051 0.059476
0.370084 0.061066
0.368816 0.059123
0.367783 0.057533
0.367548 0.057180
0.370318 0.061418
0.371351 0.063008
0.373886 0.066894
0.372853 0.065304
0.372619 0.064951
0.374121 0.067247
0.375154 0.068837
0.371586 0.063361
0.418250 0.134889
0.417215 0.133301
0.416982 0.132947
0.418482 0.135243
0.419517 0.136832
0.382993 0.080847
0.382759 0.080493
0.446934 0.182799
0.446690 0.181816
0.446590 0.181419
0.447034 0.183196
0.447279 0.184180
0.446345 0.180435
0.446245 0.180038
0.439797 0.167915
0.440029 0.168270
0.441064 0.169858
0.435994 0.162087
0.434959 0.160499
0.434727 0.160145
0.365248 0.053647
0.365013 0.053294
0.366281 0.055237
0.363981 0.051704
0.366516 0.055590
0.357406 0.041637
0.356376 0.040045
0.356138 0.039694
0.357643 0.041988
0.358674 0.043580
0.354869 0.037750
0.355108 0.038101
0.358911 0.043931
0.359942 0.045523
0.360178 0.045875
0.351063 0.031920
0.350038 0.030325
0.349793 0.029976
0.348770 0.028379
0.352573 0.034214
0.353601 0.035807
0.352332 0.033864
0.351305 0.032269
0.353841 0.036158
0.168444 0.508459
0.168182 0.508338
0.166463 0.507537
0.170162 0.509259
0.170424 0.509380
0.399430 0.961842
0.399864 0.960931
0.400407 0.959754
0.400841 0.958843
0.401384 0.957666
0.415493 0.927526
0.416039 0.926350
0.415062 0.928438
0.048460 0.654585
0.049071 0.654215
0.050268 0.653511
0.402361 0.955578
0.401817 0.956755
0.404748 0.950492
0.404315 0.951403
0.405292 0.949315
0.394003 0.973461
0.394543 0.972282
0.393566 0.974370
0.037610 0.661025
0.036411 0.661727
0.035801 0.662099
0.033993 0.663173
0.034603 0.662800
0.427761 0.901298
0.427215 0.902474
0.426785 0.903386
0.426238 0.904562
0.425808 0.905474
0.088239 0.630973
0.087044 0.631679
0.086431 0.632046
0.429168 0.898299
0.429715 0.897123
0.428738 0.899211
0.428191 0.900386
0.420377 0.917088
0.420923 0.915912
0.419946 0.917999
0.419400 0.919175
0.418969 0.920087
0.417993 0.922175
0.417446 0.923351
0.417016 0.924262
0.418423 0.921263
0.416470 0.925438
0.082815 0.634193
0.083428 0.633825
0.084623 0.633119
0.085236 0.632752
0.422330 0.912912
0.421900 0.913824
0.422877 0.911736
0.421354 0.915000
0.436006 0.883685
0.436553 0.882510
0.435576 0.884597
0.464333 0.823144
0.464881 0.821969
0.463905 0.824057
0.489893 0.752519
0.489552 0.751619
0.443965 0.631281
0.443615 0.630357
0.443591 0.630295
0.443988 0.631343
0.377804 0.532800
0.379033 0.532694
0.444712 0.633253
0.444362 0.632329
0.444338 0.632267
0.376575 0.532905
0.446206 0.637196
0.445856 0.636272
0.459277 0.671701
0.458928 0.670779
0.458554 0.669793
0.458904 0.670716
0.431352 0.599823
0.430926 0.598839
0.431777 0.600806
0.430498 0.597855
0.465253 0.687475
0.464903 0.686553
0.464530 0.685567
0.464879 0.686489
0.460422 0.674722
0.460398 0.674659
0.460048 0.673736
0.460024 0.673673
0.437906 0.615573
0.438299 0.616558
0.435507 0.609664
0.435912 0.610649
0.450711 0.649090
0.450687 0.649027
0.450338 0.648104
0.440234 0.621485
0.440616 0.622470
0.440995 0.623456
0.439851 0.620499
0.438690 0.617543
0.432199 0.601790
0.439079 0.618529
0.441747 0.625428
0.441372 0.624442
0.436315 0.611634
0.439466 0.619514
0.453326 0.655991
0.453675 0.656914
0.453699 0.656977
0.359513 0.534148
0.360724 0.534073
0.426060 0.441908
0.426101 0.441747
0.425839 0.442758
0.424791 0.446803
0.426363 0.440735
0.426584 0.439886
0.426322 0.440897
0.348335 0.534821
0.348631 0.534803
0.349545 0.534748
0.350754 0.534675
0.349840 0.534731
0.428156 0.433818
0.427935 0.434668
0.428197 0.433656
0.309940 0.537130
0.310854 0.537074
0.311149 0.537057
0.312063 0.537001
0.433920 0.411570
0.433699 0.412420
0.433658 0.412581
0.274581 0.539255
0.443394 0.375002
0.443219 0.375678
0.443132 0.376013
0.073774 0.639559
0.072578 0.640264
0.071966 0.640632
0.064734 0.644925
0.063537 0.645630
0.062925 0.645998
0.065346 0.644557
0.066542 0.643852
0.068350 0.642778
0.067154 0.643484
0.473842 0.710150
0.473493 0.709227
0.473469 0.709164
0.279713 0.538947
0.280627 0.538892
0.474963 0.713108
0.474614 0.712185
0.474589 0.712122
0.471228 0.703249
0.470879 0.702326
0.470855 0.702263
0.290299 0.538310
0.290595 0.538293
0.289386 0.538365
0.471252 0.703312
0.291508 0.538237
0.274877 0.539238
0.275790 0.539182
0.399089 0.535060
0.398535 0.534082
0.397422 0.532125
0.397979 0.533103
0.400738 0.537997
0.401284 0.538976
0.399640 0.536039
0.400190 0.537018
0.483553 0.735782
0.483203 0.734860
0.483179 0.734796
0.483577 0.735846
0.249486 0.540764
0.250399 0.540709
0.250695 0.540692
0.251609 0.540636
0.483926 0.736768
0.483950 0.736831
0.249190 0.540782
0.248277 0.540837
0.479071 0.723952
0.478722 0.723029
0.467867 0.694376
0.467518 0.693454
0.467493 0.693390
0.301181 0.537656
0.301476 0.537638
0.467144 0.692468
0.302686 0.537566
0.302390 0.537583
0.466747 0.691419
0.466771 0.691482
0.467120 0.692405
0.472722 0.707192
0.472373 0.706270
0.472349 0.706207
0.285463 0.538601
0.285758 0.538583
0.471999 0.705284
0.471602 0.704235
0.471975 0.705221
0.471626 0.704298
0.265204 0.539819
0.268831 0.539601
0.269745 0.539546
0.270040 0.539529
0.268536 0.539619
0.437105 0.399273
0.437326 0.398423
0.437367 0.398262
0.436581 0.401295
0.436802 0.400446
0.436843 0.400284
0.436540 0.401457
0.437064 0.399434
0.286967 0.538511
0.287881 0.538455
0.288177 0.538438
0.286672 0.538528
0.289090 0.538383
0.256445 0.540346
0.255531 0.540401
0.256740 0.540328
0.257654 0.540273
0.255236 0.540418
0.563595 0.794693
0.564449 0.795095
0.565565 0.795615
0.557687 0.791927
0.558540 0.792329
0.559656 0.792849
0.537992 0.782707
0.538845 0.783108
0.539961 0.783629
0.505364 0.767434
0.504510 0.767033
0.506480 0.767955
0.493242 0.761359
0.493364 0.761474
0.492914 0.760491
0.492540 0.759505
0.492881 0.760406
0.492508 0.759420
0.492167 0.758519
0.529322 0.238127
0.527895 0.238977
0.527524 0.239200
0.529693 0.237904
0.531120 0.237054
0.525727 0.240272
0.524300 0.241123
0.523929 0.241345
0.526097 0.240050
0.522502 0.242195
0.522131 0.242418
0.500559 0.255290
0.499133 0.256140
0.498762 0.256363
0.520704 0.243268
0.520334 0.243490
0.511345 0.248854
0.511716 0.248632
0.513143 0.247781
0.514941 0.246708
0.513514 0.247559
0.507750 0.250999
0.508121 0.250777
0.509548 0.249927
0.509919 0.249704
0.475763 0.270086
0.475392 0.270308
0.479358 0.267940
0.480785 0.267090
0.482583 0.266017
0.481156 0.266868
0.461734 0.304213
0.461821 0.303877
0.461996 0.303201
0.462083 0.302866
0.461559 0.304888
0.461472 0.305224
0.415754 0.478349
0.416072 0.477336
0.142701 0.496478
0.142440 0.496357
0.140721 0.495556
0.140460 0.495436
0.462869 0.299832
0.463044 0.299156
0.463131 0.298821
0.413814 0.484432
0.414142 0.483418
0.463306 0.298145
0.136499 0.493592
0.134781 0.492792
0.412486 0.488488
0.412150 0.489502
0.410091 0.495589
0.410785 0.493560
0.411129 0.492545
0.411471 0.491531
0.469425 0.272937
0.469326 0.272540
0.469627 0.273748
0.469594 0.273874
0.095177 0.474359
0.094916 0.474239
0.468634 0.277584
0.468808 0.276908
0.468896 0.276572
0.109039 0.480811
0.110757 0.481612
0.111019 0.481732
0.468546 0.277919
0.468372 0.278595
0.468284 0.278930
0.468110 0.279606
0.467848 0.280618
0.467760 0.280953
0.467586 0.281629
0.468022 0.279942
0.467498 0.281964
0.467324 0.282640
0.459463 0.312979
0.459638 0.312303
0.459725 0.311967
0.418246 0.470243
0.417941 0.471256
0.459900 0.311292
0.459987 0.310956
0.460162 0.310280
0.460249 0.309945
0.417634 0.472269
0.049370 0.453042
0.049633 0.453162
0.047653 0.452240
0.464258 0.252227
0.464158 0.251830
0.057292 0.456729
0.055574 0.455927
0.057554 0.456848
0.460714 0.238024
0.460469 0.237041
0.460369 0.236644
0.043430 0.450277
0.041712 0.449475
0.043692 0.450396
0.041449 0.449356
0.039732 0.448553
0.461158 0.239802
0.461402 0.240785
0.461058 0.239405
0.460813 0.238421
0.461502 0.241182
0.461747 0.242166
0.047390 0.452121
0.045672 0.451318
0.045410 0.451199
0.465292 0.256369
0.465536 0.257353
0.465192 0.255972
0.464947 0.254989
0.465636 0.257750
0.465881 0.258733
0.069173 0.462258
0.069435 0.462378
0.467014 0.263272
0.466914 0.262875
0.467259 0.264256
0.077356 0.466065
0.079074 0.466866
0.079336 0.466986
0.467358 0.264653
0.467603 0.265637
0.103098 0.478046
0.104816 0.478847
0.105078 0.478967
0.108777 0.480690
0.107058 0.479889
0.106797 0.479768
0.099138 0.476203
0.100856 0.477004
0.101118 0.477124
0.469070 0.275897
0.102836 0.477925
0.098876 0.476082
0.097158 0.475281
0.096896 0.475160
0.447378 0.184577
0.447623 0.185561
0.029567 0.443826
0.027850 0.443022
0.025869 0.442100
0.027586 0.442905
0.025606 0.441983
0.023889 0.441178
0.021909 0.440256
0.023625 0.441062
0.021644 0.440140
0.019928 0.439334
0.035508 0.446591
0.035771 0.446710
0.458991 0.231121
0.459091 0.231518
0.459336 0.232502
0.430924 0.154316
0.429889 0.152728
0.429657 0.152374
0.431157 0.154671
0.432192 0.156259
0.150361 0.500044
0.148642 0.499243
0.457629 0.320057
0.457804 0.319382
0.457891 0.319046
0.420330 0.463154
0.182043 0.514789
0.180325 0.513988
0.180063 0.513867
0.453699 0.335227
0.424750 0.446965
0.453088 0.337585
0.453175 0.337249
0.219666 0.532299
0.217948 0.531499
0.225607 0.535064
0.225868 0.535185
0.223888 0.534264
0.452564 0.339607
0.223627 0.534143
0.455184 0.329495
0.455009 0.330170
0.454922 0.330506
0.205805 0.525848
0.204087 0.525048
0.203825 0.524927
0.454485 0.332193
0.454660 0.331517
0.454747 0.331182
0.423689 0.451010
0.452127 0.341294
0.452302 0.340619
0.452389 0.340283
0.432348 0.417637
0.432127 0.418487
0.432086 0.418649
0.431865 0.419498
0.431824 0.419660
0.429990 0.426739
0.429769 0.427589
0.430776 0.423705
0.430555 0.424555
0.430514 0.424716
0.235508 0.539672
0.233789 0.538872
0.241936 0.541218
0.241022 0.541273
0.240727 0.541291
0.242231 0.541201
0.243145 0.541145
0.433396 0.413592
0.433175 0.414442
0.433134 0.414604
0.444791 0.369610
0.433437 0.413431
0.448459 0.355452
0.448372 0.355788
0.448197 0.356463
0.448634 0.354777
0.442695 0.377700
0.442870 0.377025
0.442957 0.376689
0.443481 0.374667
0.443656 0.373991
0.443743 0.373655
0.443918 0.372980
0.442171 0.379723
0.442084 0.380059
0.441123 0.383768
0.441297 0.383092
0.441385 0.382757
0.441559 0.382081
0.434444 0.409547
0.434223 0.410397
0.433961 0.411408
0.434182 0.410559
0.438677 0.393205
0.438898 0.392355
0.438939 0.392194
0.440511 0.386126
0.440337 0.386802
0.440249 0.387137
0.440599 0.385791
0.440075 0.387813
0.439987 0.388149
0.439813 0.388824
0.439725 0.389160
0.320822 0.536475
0.321736 0.536420
0.322945 0.536347
0.322031 0.536403
0.318404 0.536621
0.318108 0.536638
0.316899 0.536711
0.315986 0.536766
0.315690 0.536783
0.317195 0.536693
0.415715 0.131004
0.414680 0.129415
0.414447 0.129061
0.415947 0.131358
0.413412 0.127473
0.413180 0.127119
0.408342 0.119702
0.409377 0.121290
0.408110 0.119348
0.407075 0.117759
0.406842 0.117405
0.409610 0.121644
0.410645 0.123233
0.381726 0.078904
0.381492 0.078550
0.400505 0.107691
0.399470 0.106103
0.399237 0.105749
0.400738 0.108045
0.401772 0.109634
0.403040 0.111577
0.402005 0.109988
0.405575 0.115462
0.404540 0.113873
0.404307 0.113520
0.405808 0.115816
0.403273 0.111931
0.392900 0.096035
0.391865 0.094446
0.391632 0.094092
0.393133 0.096389
0.394167 0.097978
0.396702 0.101863
0.396935 0.102217
0.397970 0.103806
0.398203 0.104160
0.445656 0.177674
0.445901 0.178658
0.445556 0.177277
0.445341 0.176412
0.445099 0.176040
0.446001 0.179054
0.441297 0.170212
0.442332 0.171801
0.442564 0.172155
0.438762 0.166327
0.438529 0.165973
0.436227 0.162441
0.437262 0.164030
0.437494 0.164384
0.432424 0.156613
0.433459 0.158202
0.433692 0.158556
0.166202 0.507416
0.164483 0.506616
0.174123 0.511103
0.172404 0.510302
0.172142 0.510181
0.387165 0.988089
0.386714 0.988994
0.387695 0.986903
0.061117 0.647071
0.059921 0.647776
0.059309 0.648145
0.414085 0.930525
0.413539 0.931702
0.413108 0.932613
0.061729 0.646703
0.414516 0.929614
0.408655 0.942140
0.409200 0.940964
0.040029 0.659581
0.041227 0.658878
0.039418 0.659952
0.038220 0.660654
0.041837 0.658507
0.043035 0.657805
0.402794 0.954668
0.403338 0.953490
0.403771 0.952580
0.046651 0.655658
0.045454 0.656361
0.044843 0.656731
0.047263 0.655288
0.043646 0.657434
0.405725 0.948404
0.406269 0.947227
0.406701 0.946316
0.020125 0.671386
0.021330 0.670695
0.019520 0.671771
0.021936 0.670312
0.023140 0.669619
0.392049 0.977638
0.392588 0.976458
0.391610 0.978547
0.393026 0.975550
0.444368 0.865809
0.443820 0.866984
0.443391 0.867896
0.117169 0.613802
0.115974 0.614509
0.115361 0.614876
0.444797 0.864896
0.445345 0.863721
0.424831 0.907561
0.424284 0.908737
0.423854 0.909649
0.425261 0.906649
0.423307 0.910825
0.077391 0.637412
0.078003 0.637045
0.079199 0.636339
0.074387 0.639191
0.075583 0.638485
0.076195 0.638118
0.079811 0.635972
0.081007 0.635266
0.081619 0.634899
0.099701 0.624167
0.099088 0.624534
0.100896 0.623461
0.435029 0.885773
0.434599 0.886685
0.120786 0.611656
0.119591 0.612363
0.118978 0.612729
0.446322 0.861634
0.445774 0.862809
0.117782 0.613436
0.446751 0.860721
0.447298 0.859546
0.450658 0.852371
0.451206 0.851195
0.450229 0.853283
0.451635 0.850283
0.452183 0.849108
0.452612 0.848196
0.453159 0.847020
0.453588 0.846108
0.454136 0.844933
0.465310 0.821057
0.465858 0.819881
0.466835 0.817794
0.466287 0.818969
0.153332 0.592339
0.153945 0.591974
0.155140 0.591266
0.156948 0.590193
0.155753 0.590900
0.147907 0.595559
0.146712 0.596266
0.146099 0.596632
0.144291 0.597705
0.144904 0.597339
0.461403 0.829407
0.461951 0.828232
0.460974 0.830319
0.211804 0.557634
0.212999 0.556926
0.211191 0.557999
0.492134 0.758434
0.491046 0.755562
0.491014 0.755477
0.490673 0.754576
0.489520 0.751533
0.489179 0.750633
0.225656 0.549414
0.224461 0.550122
0.223848 0.550487
0.226269 0.549049
0.227464 0.548341
0.445832 0.636211
0.445482 0.635286
0.445459 0.635225
0.371676 0.533302
0.372899 0.533206
0.323240 0.536330
0.461891 0.678602
0.461542 0.677680
0.461518 0.677617
0.461916 0.678666
0.460795 0.675708
0.461144 0.676631
0.461169 0.676694
0.460771 0.675645
0.463036 0.681623
0.463385 0.682546
0.463409 0.682609
0.463012 0.681560
0.462662 0.680637
0.450314 0.648041
0.449964 0.647118
0.449940 0.647055
0.358304 0.534222
0.454422 0.658885
0.454073 0.657963
0.454049 0.657899
0.454446 0.658949
0.453302 0.655928
0.452952 0.655005
0.452928 0.654942
0.347422 0.534876
0.451061 0.650013
0.451085 0.650076
0.451832 0.652048
0.451808 0.651984
0.451458 0.651062
0.451434 0.650998
0.448073 0.642126
0.448097 0.642189
0.361935 0.533996
0.341081 0.535257
0.340167 0.535312
0.339872 0.535329
0.341376 0.535239
0.342290 0.535184
0.338958 0.535385
0.428721 0.431634
0.428680 0.431795
0.428459 0.432645
0.428418 0.432807
0.342585 0.535167
0.454795 0.659871
0.346213 0.534949
0.347126 0.534893
0.345917 0.534966
0.345004 0.535021
0.427149 0.437702
0.427370 0.436852
0.427411 0.436690
0.427108 0.437863
0.344708 0.535039
0.343795 0.535094
0.343499 0.535111
0.430817 0.423544
0.431038 0.422694
0.431079 0.422532
0.327781 0.536056
0.326867 0.536112
0.326572 0.536129
0.444704 0.369946
0.444529 0.370621
0.266118 0.539764
0.444005 0.372644
0.068962 0.642410
0.070158 0.641705
0.070770 0.641337
0.175029 0.579462
0.173834 0.580169
0.173221 0.580535
0.493652 0.761748
0.494663 0.762423
0.494071 0.762146
0.204572 0.561926
0.205767 0.561218
0.203959 0.562292
0.547839 0.787317
0.548693 0.787718
0.549809 0.788239
0.566418 0.796017
0.567534 0.796537
0.553748 0.790083
0.554601 0.790485
0.555717 0.791005
0.556571 0.791407
0.560510 0.793251
0.561626 0.793771
0.562479 0.794173
0.495517 0.762824
0.496633 0.763345
0.530114 0.779019
0.528998 0.778498
0.528144 0.778097
0.524205 0.776253
0.523090 0.775732
0.522236 0.775331
0.516327 0.772565
0.515212 0.772044
0.514358 0.771643
0.280922 0.538874
0.281836 0.538819
0.282131 0.538802
0.276086 0.539165
0.276999 0.539110
0.277295 0.539092
0.477951 0.720994
0.477975 0.721058
0.267622 0.539674
0.733950 0.874553
0.733085 0.873982
0.731907 0.873534
0.731065 0.873062
0.729917 0.872587
0.729075 0.872141
0.727939 0.871653
0.727095 0.871220
0.725964 0.870724
0.725119 0.870298
0.723991 0.869798
0.723145 0.869376
0.722019 0.868873
0.721172 0.868454
0.720048 0.867948
0.719200 0.867532
0.718077 0.867024
0.717229 0.866610
0.716107 0.866101
0.715258 0.865688
0.714136 0.865178
0.713287 0.864766
0.712166 0.864255
0.711316 0.863844
0.703435 0.860156
0.702317 0.859642
0.701465 0.859234
0.700347 0.858719
0.699496 0.858312
0.698377 0.857797
0.697526 0.857390
0.695556 0.856468
0.696407 0.856875
0.694438 0.855952
0.693586 0.855546
0.683737 0.850936
0.684589 0.851341
0.685707 0.851858
0.673889 0.846326
0.672772 0.845808
0.671919 0.845404
0.670802 0.844886
0.669950 0.844482
0.668833 0.843964
0.667980 0.843560
0.662071 0.840794
0.660954 0.840275
0.660102 0.839872
0.658985 0.839353
0.658132 0.838950
0.657015 0.838431
0.656163 0.838028
0.639290 0.830133
0.638437 0.829730
0.640406 0.830652
0.636467 0.828808
0.637320 0.829210
0.635351 0.828288
0.634498 0.827886
0.632528 0.826964
0.633381 0.827366
0.616772 0.819588
0.615656 0.819068
0.614802 0.818666
0.613686 0.818146
0.612833 0.817744
0.610863 0.816822
0.611717 0.817224
0.608894 0.815900
0.609747 0.816302
0.606924 0.814978
0.607778 0.815380
0.605808 0.814458
0.604955 0.814056
0.603839 0.813536
0.602985 0.813134
0.573443 0.799303
0.572327 0.798783
0.571473 0.798381
0.570357 0.797861
0.569504 0.797459
0.568388 0.796939
0.543900 0.785473
0.542784 0.784952
0.541931 0.784551
0.540815 0.784030
0.517181 0.772966
0.518297 0.773487
0.502541 0.766111
0.501425 0.765590
0.500571 0.765189
0.503395 0.766512
0.491420 0.756548
0.491761 0.757448
0.491793 0.757534
0.491387 0.756462
0.686559 0.852263
0.687677 0.852780
0.496964 0.257435
0.495537 0.258286
0.495166 0.258508
0.497335 0.257213
0.493740 0.259359
0.493369 0.259581
0.482954 0.265795
0.484380 0.264944
0.486178 0.263872
0.484751 0.264722
0.518536 0.244563
0.517109 0.245413
0.516738 0.245636
0.518907 0.244341
0.515311 0.246486
0.500930 0.255068
0.502357 0.254217
0.504155 0.253145
0.502728 0.253995
0.504526 0.252922
0.505952 0.252072
0.506323 0.251850
0.704286 0.860564
0.705406 0.861078
0.679798 0.849092
0.680650 0.849497
0.681768 0.850014
0.682620 0.850419
0.472168 0.272231
0.473595 0.271381
0.473965 0.271158
0.415434 0.479363
0.415191 0.480129
0.415113 0.480376
0.416388 0.476322
0.416703 0.475309
0.460773 0.307922
0.460948 0.307246
0.464616 0.293088
0.464442 0.293764
0.464354 0.294100
0.132801 0.491870
0.134519 0.492671
0.132539 0.491749
0.463917 0.295787
0.464092 0.295111
0.464180 0.294775
0.463830 0.296122
0.412821 0.487474
0.413154 0.486460
0.463568 0.297134
0.463393 0.297809
0.463655 0.296798
0.413485 0.485446
0.464704 0.292753
0.464878 0.292077
0.464966 0.291742
0.411811 0.490517
0.465140 0.291066
0.465228 0.290730
0.465664 0.289043
0.465490 0.289719
0.465402 0.290055
0.465926 0.288032
0.465752 0.288708
0.466014 0.287697
0.410439 0.494575
0.467236 0.282976
0.467062 0.283651
0.112999 0.482654
0.112737 0.482533
0.469158 0.275561
0.469332 0.274885
0.469420 0.274550
0.490640 0.754491
0.468736 0.270175
0.468981 0.271159
0.468637 0.269778
0.469081 0.271556
0.090955 0.472396
0.089237 0.471594
0.462880 0.246705
0.463125 0.247689
0.462780 0.246308
0.055311 0.455807
0.053593 0.455005
0.463814 0.250450
0.463569 0.249466
0.463469 0.249069
0.463914 0.250847
0.061252 0.458572
0.059534 0.457770
0.463225 0.248085
0.059272 0.457650
0.466570 0.261495
0.466325 0.260511
0.466225 0.260114
0.466669 0.261892
0.465980 0.259130
0.077094 0.465945
0.075376 0.465143
0.073395 0.464221
0.075114 0.465023
0.073133 0.464101
0.071415 0.463300
0.071153 0.463180
0.088975 0.471474
0.087257 0.470673
0.083296 0.468830
0.083034 0.468709
0.081316 0.467908
0.081054 0.467788
0.447723 0.185958
0.447968 0.186941
0.448067 0.187338
0.448312 0.188322
0.453135 0.207651
0.452890 0.206667
0.452790 0.206270
0.452546 0.205286
0.452446 0.204889
0.451757 0.202128
0.451857 0.202525
0.452101 0.203509
0.452201 0.203906
0.451512 0.201144
0.451412 0.200747
0.451068 0.199367
0.450823 0.198383
0.450723 0.197986
0.451168 0.199764
0.450379 0.196606
0.450479 0.197003
0.458302 0.228360
0.458402 0.228757
0.458647 0.229740
0.458746 0.230137
0.457613 0.225599
0.457713 0.225996
0.457958 0.226979
0.458057 0.227376
0.457368 0.224615
0.457269 0.224218
0.460025 0.235263
0.459780 0.234279
0.459680 0.233882
0.039469 0.448434
0.037751 0.447631
0.460124 0.235660
0.037489 0.447513
0.459435 0.232899
0.453824 0.210412
0.453579 0.209428
0.453479 0.209031
0.453235 0.208047
0.002081 0.431007
0.003785 0.431847
0.004073 0.431944
0.009755 0.434611
0.010024 0.434722
0.008042 0.433798
0.015701 0.437375
0.013986 0.436567
0.015967 0.437490
0.425854 0.146546
0.424820 0.144957
0.424587 0.144603
0.423552 0.143014
0.423320 0.142660
0.144420 0.497279
0.144682 0.497400
0.120920 0.486340
0.122638 0.487141
0.122900 0.487262
0.453437 0.336238
0.453612 0.335562
0.453350 0.336574
0.217686 0.531378
0.215968 0.530577
0.215706 0.530456
0.445752 0.365901
0.445839 0.365565
0.429728 0.427750
0.429507 0.428600
0.448721 0.354441
0.233528 0.538751
0.231809 0.537950
0.450730 0.346686
0.450817 0.346351
0.450992 0.345675
0.450555 0.347362
0.239813 0.541346
0.239518 0.541363
0.239185 0.541383
0.450468 0.347698
0.449682 0.350731
0.449769 0.350396
0.449944 0.349720
0.449507 0.351407
0.245858 0.540982
0.245563 0.541000
0.448896 0.353765
0.447149 0.360509
0.447324 0.359833
0.447411 0.359497
0.447062 0.360844
0.447586 0.358822
0.447673 0.358486
0.448110 0.356799
0.447935 0.357475
0.447848 0.357810
0.446800 0.361856
0.446625 0.362531
0.446538 0.362867
0.446887 0.361520
0.446363 0.363542
0.441647 0.381745
0.441821 0.381070
0.441909 0.380734
0.439551 0.389836
0.439463 0.390171
0.438636 0.393367
0.438415 0.394216
0.438374 0.394378
0.439093 0.391602
0.439201 0.391183
0.439289 0.390847
0.437850 0.396401
0.437629 0.397250
0.437588 0.397412
0.410877 0.123587
0.411912 0.125176
0.412145 0.125530
0.380458 0.076961
0.380224 0.076608
0.389330 0.090561
0.390365 0.092150
0.390598 0.092503
0.394400 0.098332
0.395435 0.099921
0.395668 0.100274
0.164222 0.506495
0.162503 0.505694
0.384235 0.994381
0.383752 0.995282
0.384746 0.993181
0.385212 0.992278
0.385732 0.991086
0.386189 0.990182
0.388142 0.985997
0.388675 0.984813
0.057501 0.649218
0.056304 0.649922
0.055693 0.650291
0.411154 0.936788
0.411586 0.935877
0.412131 0.934701
0.412562 0.933789
0.058113 0.648849
0.053884 0.651364
0.052688 0.652069
0.052076 0.652438
0.409632 0.940053
0.410177 0.938876
0.410609 0.937965
0.054496 0.650995
0.050879 0.653142
0.012842 0.675680
0.014077 0.675021
0.012242 0.676140
0.389653 0.982724
0.389119 0.983907
0.026758 0.667469
0.025557 0.668166
0.024949 0.668544
0.023747 0.669239
0.394980 0.971372
0.395521 0.970194
0.395957 0.969284
0.396498 0.968106
0.027366 0.667093
0.028567 0.666395
0.396933 0.967196
0.397475 0.966018
0.440461 0.874159
0.439913 0.875335
0.439484 0.876247
0.108742 0.618802
0.108129 0.619168
0.109937 0.618095
0.440890 0.873247
0.441437 0.872072
0.097893 0.625240
0.097280 0.625607
0.434052 0.887860
0.433623 0.888773
0.157561 0.589827
0.158756 0.589120
0.126823 0.608070
0.128018 0.607363
0.126210 0.608437
0.449681 0.854458
0.449252 0.855371
0.128631 0.606997
0.129826 0.606290
0.459021 0.834495
0.459449 0.833582
0.459997 0.832407
0.460426 0.831495
0.141288 0.599485
0.140675 0.599851
0.142483 0.598778
0.143096 0.598412
0.458044 0.836582
0.457496 0.837757
0.457067 0.838670
0.458473 0.835670
0.139480 0.600559
0.138867 0.600925
0.456519 0.839845
0.456090 0.840757
0.150329 0.594120
0.151524 0.593413
0.149715 0.594486
0.148521 0.595193
0.152137 0.593047
0.462928 0.826144
0.462380 0.827319
0.463357 0.825232
0.468789 0.813619
0.468241 0.814794
0.467812 0.815706
0.467264 0.816881
0.160564 0.588047
0.159369 0.588754
0.164180 0.585901
0.162985 0.586608
0.162372 0.586974
0.469217 0.812706
0.469766 0.811531
0.161177 0.587681
0.168410 0.583389
0.167796 0.583754
0.169605 0.582681
0.474102 0.802268
0.474650 0.801093
0.473673 0.803181
0.473125 0.804356
0.472696 0.805268
0.475627 0.799005
0.475078 0.800180
0.172026 0.581242
0.171413 0.581608
0.170218 0.582315
0.175642 0.579096
0.176837 0.578389
0.209383 0.559072
0.208188 0.559780
0.207575 0.560145
0.209996 0.558707
0.206380 0.560853
0.493209 0.761429
0.489154 0.750569
0.488805 0.749648
0.228077 0.547976
0.229272 0.547268
0.216615 0.554780
0.215420 0.555488
0.214807 0.555853
0.213612 0.556561
0.217228 0.554414
0.218423 0.553707
0.325658 0.536184
0.456289 0.663815
0.455940 0.662892
0.455916 0.662829
0.456313 0.663878
0.455567 0.661906
0.455542 0.661843
0.456687 0.664864
0.456663 0.664800
0.457036 0.665786
0.457060 0.665850
0.457807 0.667821
0.457783 0.667758
0.457434 0.666835
0.457410 0.666772
0.458157 0.668744
0.458181 0.668807
0.458530 0.669730
0.463759 0.683532
0.463783 0.683595
0.462638 0.680574
0.462289 0.679652
0.462265 0.679588
0.355885 0.534367
0.356799 0.534312
0.357094 0.534294
0.358008 0.534239
0.355590 0.534384
0.454820 0.659934
0.455169 0.660857
0.455193 0.660920
0.452205 0.653033
0.452555 0.653956
0.452579 0.654019
0.452181 0.652970
0.351049 0.534658
0.351963 0.534602
0.352258 0.534585
0.354676 0.534440
0.448820 0.644097
0.448471 0.643175
0.448446 0.643112
0.363149 0.533916
0.364363 0.533835
0.365579 0.533751
0.366796 0.533665
0.431300 0.421683
0.431341 0.421521
0.431562 0.420671
0.431603 0.420510
0.444442 0.370957
0.444267 0.371633
0.444180 0.371968
0.267327 0.539691
0.266413 0.539747
0.650254 0.835262
0.649137 0.834743
0.648284 0.834340
0.641259 0.831055
0.642376 0.831574
0.631412 0.826444
0.630558 0.826042
0.191915 0.569438
0.193110 0.568730
0.191302 0.569804
0.182875 0.574804
0.184069 0.574096
0.182261 0.575169
0.482464 0.784392
0.481916 0.785567
0.481488 0.786480
0.480939 0.787655
0.480511 0.788567
0.185878 0.573023
0.184683 0.573730
0.491256 0.765604
0.490707 0.766779
0.490279 0.767692
0.202764 0.562999
0.202150 0.563365
0.200956 0.564072
0.200342 0.564438
0.491684 0.764691
0.492233 0.763516
0.492661 0.762604
0.489302 0.769779
0.488754 0.770954
0.488325 0.771867
0.489731 0.768866
0.199148 0.565145
0.198534 0.565511
0.197340 0.566219
0.196726 0.566584
0.536876 0.782186
0.536022 0.781785
0.531490 0.236832
0.532917 0.235982
0.534907 0.781264
0.534053 0.780863
0.544754 0.785874
0.545870 0.786395
0.546723 0.786796
0.550662 0.788641
0.551778 0.789161
0.552632 0.789563
0.617625 0.819990
0.618741 0.820510
0.497486 0.763746
0.498602 0.764267
0.499456 0.764668
0.525059 0.776654
0.526175 0.777175
0.527029 0.777576
0.513242 0.771122
0.512388 0.770721
0.478698 0.722966
0.478348 0.722044
0.478324 0.721980
0.677828 0.848170
0.676711 0.847652
0.675859 0.847248
0.678681 0.848575
0.674741 0.846730
0.666010 0.842638
0.664894 0.842120
0.664041 0.841716
0.662924 0.841198
0.666863 0.843042
0.654193 0.837106
0.653076 0.836587
0.652223 0.836184
0.655046 0.837509
0.651107 0.835665
0.646315 0.833418
0.645198 0.832899
0.644345 0.832496
0.647168 0.833821
0.643229 0.831977
0.601016 0.812212
0.599900 0.811691
0.599046 0.811290
0.601869 0.812613
0.593138 0.808524
0.592022 0.808003
0.591168 0.807602
0.577382 0.801147
0.576266 0.800627
0.575412 0.800225
0.574296 0.799705
0.519151 0.773888
0.520266 0.774409
0.521120 0.774810
0.688529 0.853186
0.689646 0.853702
0.581321 0.802992
0.580205 0.802471
0.579351 0.802070
0.578235 0.801549
0.486549 0.263649
0.487976 0.262799
0.489773 0.261726
0.488347 0.262577
0.490144 0.261504
0.491571 0.260654
0.491942 0.260431
0.706256 0.861487
0.707376 0.862000
0.461035 0.306911
0.461210 0.306235
0.461297 0.305900
0.466800 0.284663
0.466712 0.284998
0.466974 0.283987
0.466538 0.285674
0.116959 0.484497
0.116698 0.484376
0.114979 0.483575
0.114717 0.483455
0.466450 0.286009
0.466276 0.286685
0.466188 0.287021
0.120658 0.486220
0.118939 0.485419
0.118678 0.485298
0.468047 0.267414
0.468292 0.268398
0.467948 0.267017
0.467703 0.266034
0.468392 0.268795
0.086995 0.470552
0.085276 0.469751
0.085015 0.469631
0.462436 0.244927
0.462191 0.243944
0.462091 0.243547
0.462536 0.245324
0.461847 0.242563
0.053331 0.454885
0.051613 0.454083
0.051351 0.453964
0.448412 0.188719
0.448657 0.189702
0.448756 0.190099
0.449001 0.191083
0.449790 0.194241
0.450034 0.195225
0.449690 0.193844
0.450134 0.195622
0.457024 0.223234
0.456924 0.222837
0.454513 0.213173
0.454268 0.212189
0.454168 0.211792
0.453924 0.210809
0.007770 0.433689
0.006059 0.432872
0.005782 0.432768
0.454613 0.213570
0.454857 0.214554
0.456580 0.221457
0.456335 0.220473
0.456235 0.220076
0.456679 0.221854
0.017948 0.438412
0.019664 0.439218
0.455891 0.218696
0.455991 0.219092
0.017683 0.438297
0.455302 0.216331
0.455546 0.217315
0.455202 0.215934
0.454957 0.214951
0.455646 0.217712
0.013720 0.436454
0.012005 0.435645
0.011738 0.435532
0.422052 0.140718
0.421017 0.139129
0.420785 0.138775
0.422285 0.141072
0.419750 0.137186
0.428389 0.150431
0.427354 0.148842
0.427122 0.148488
0.428622 0.150785
0.426087 0.146900
0.148380 0.499122
0.146662 0.498321
0.146400 0.498200
0.126598 0.488984
0.124880 0.488183
0.124618 0.488063
0.446276 0.363878
0.446101 0.364554
0.446014 0.364889
0.429466 0.428762
0.429245 0.429611
0.448983 0.353430
0.231547 0.537829
0.229829 0.537028
0.451079 0.345339
0.451254 0.344664
0.451341 0.344328
0.451516 0.343652
0.451603 0.343317
0.450031 0.349385
0.450206 0.348709
0.450293 0.348373
0.449420 0.351743
0.449245 0.352418
0.449158 0.352754
0.244649 0.541055
0.244354 0.541072
0.243440 0.541128
0.379191 0.075018
0.378957 0.074665
0.479606 0.008512
0.480008 0.006331
0.479400 0.009344
0.478987 0.011519
0.478791 0.012348
0.480236 0.005487
0.480612 0.003289
0.473911 0.036313
0.473478 0.038481
0.473301 0.039307
0.470424 0.053447
0.470249 0.054273
0.470860 0.051280
0.477146 0.020514
0.477572 0.018344
0.476962 0.021341
0.475742 0.027331
0.475311 0.029499
0.475132 0.030325
0.469029 0.060260
0.468592 0.062426
0.468418 0.063253
0.469813 0.056440
0.469639 0.057266
0.459263 0.108146
0.458824 0.110312
0.458653 0.111139
0.465539 0.077391
0.465367 0.078218
0.465977 0.075225
0.476534 0.023510
0.476352 0.024336
0.478372 0.014520
0.478182 0.015347
0.472867 0.041474
0.472691 0.042300
0.474521 0.033319
0.474700 0.032493
0.472080 0.045293
0.471645 0.047461
0.471470 0.048287
0.457432 0.117125
0.456993 0.119291
0.456821 0.120117
0.464146 0.084203
0.463708 0.086370
0.463536 0.087196
0.464929 0.080384
0.464756 0.081210
0.455772 0.125276
0.455601 0.126103
0.456211 0.123110
0.449497 0.156031
0.449057 0.158197
0.448886 0.159023
0.477759 0.017518
0.474089 0.035487
0.467198 0.069239
0.466760 0.071405
0.466587 0.072232
0.471035 0.050454
0.467808 0.066246
0.467981 0.065419
0.457603 0.116298
0.458042 0.114132
0.459873 0.105153
0.459434 0.107320
0.461094 0.099168
0.460655 0.101334
0.460484 0.102160
0.462925 0.090189
0.462487 0.092356
0.462315 0.093182
0.452549 0.141067
0.452109 0.143233
0.451938 0.144060
0.454380 0.132089
0.453940 0.134255
0.453769 0.135081
0.455161 0.128269
0.454990 0.129096
0.447666 0.165009
0.447226 0.167175
0.447055 0.168002
0.451328 0.147052
0.450888 0.149219
0.450718 0.150045
0.449667 0.155204
0.450107 0.153038
0.475922 0.026505
0.469203 0.059433
0.461266 0.098341
0.461704 0.096175
0.466150 0.074398
0.463097 0.089363
0.452720 0.140240
0.453159 0.138074
0.447836 0.164182
0.448276 0.162016
0.446445 0.170994
0.446005 0.173160
0.445834 0.173987
0.450278 0.152211
0.472256 0.044467
0.456382 0.122284
0.460045 0.104327
0.464318 0.083377
0.453330 0.137248
0.445394 0.176153
0.377923 0.073075
0.467371 0.068412
0.458214 0.113305
0.451499 0.146226
0.446615 0.170168
0.461876 0.095348
0.448447 0.161190
0.375388 0.069190
0.454551 0.131262
0.480925 0.002361
0.158281 0.503730
0.158543 0.503851
0.016496 0.673532
0.017709 0.672850
0.015896 0.673932
0.014676 0.674606
0.018312 0.672459
0.390096 0.981817
0.390632 0.980635
0.391073 0.979727
0.030985 0.664946
0.032184 0.664247
0.030376 0.665321
0.029176 0.666019
0.032794 0.663873
0.398453 0.963930
0.397910 0.965108
0.398887 0.963019
0.438936 0.877422
0.438507 0.878334
0.106934 0.619875
0.106321 0.620241
0.112358 0.616655
0.111745 0.617022
0.113553 0.615949
0.110550 0.617729
0.114166 0.615582
0.441867 0.871159
0.442414 0.869984
0.442844 0.869072
0.096085 0.626314
0.095472 0.626680
0.433075 0.889948
0.432646 0.890860
0.124402 0.609510
0.123207 0.610217
0.122594 0.610583
0.125015 0.609144
0.121399 0.611290
0.448275 0.857458
0.447728 0.858634
0.448704 0.856546
0.130439 0.605924
0.131634 0.605217
0.132247 0.604851
0.133442 0.604144
0.134056 0.603778
0.193723 0.568365
0.181067 0.575877
0.190107 0.570511
0.164794 0.585535
0.165988 0.584827
0.166602 0.584462
0.137672 0.601632
0.088852 0.630606
0.094277 0.627387
0.195531 0.567292
0.177450 0.578023
0.105125 0.620948
0.010946 0.676757
0.101509 0.623094
0.194918 0.567657
0.186491 0.572657
0.137059 0.601998
0.135864 0.602705
0.135251 0.603071
0.454565 0.844020
0.455113 0.842845
0.455542 0.841933
0.471171 0.808531
0.471719 0.807356
0.470742 0.809443
0.470194 0.810619
0.472148 0.806443
0.180453 0.576242
0.179258 0.576950
0.178645 0.577315
0.479962 0.789742
0.479534 0.790655
0.476055 0.798093
0.476603 0.796918
0.477580 0.794830
0.477032 0.796005
0.488781 0.749584
0.488432 0.748662
0.231080 0.546195
0.229885 0.546903
0.222040 0.551560
0.220845 0.552268
0.220231 0.552633
0.219036 0.553341
0.222653 0.551195
0.328076 0.536039
0.328990 0.535984
0.329285 0.535966
0.330199 0.535911
0.325363 0.536202
0.324449 0.536257
0.324154 0.536275
0.464506 0.685503
0.464156 0.684581
0.464132 0.684518
0.312358 0.536984
0.313272 0.536929
0.353172 0.534530
0.353467 0.534512
0.354381 0.534457
0.368014 0.533578
0.626619 0.824198
0.627473 0.824600
0.628589 0.825120
0.629442 0.825522
0.485395 0.778129
0.484846 0.779304
0.484418 0.780217
0.189494 0.570877
0.188299 0.571584
0.187686 0.571950
0.482893 0.783480
0.483441 0.782305
0.483870 0.781392
0.486800 0.775129
0.487349 0.773954
0.486372 0.776042
0.485823 0.777217
0.487777 0.773042
0.530968 0.779420
0.532083 0.779941
0.532937 0.780342
0.619595 0.820912
0.620711 0.821432
0.597077 0.810368
0.595961 0.809847
0.595107 0.809446
0.597930 0.810769
0.593991 0.808925
0.511273 0.770200
0.510419 0.769799
0.582174 0.803393
0.583290 0.803914
0.588083 0.806159
0.587229 0.805758
0.589199 0.806680
0.590052 0.807081
0.690498 0.854108
0.691616 0.854624
0.692468 0.855030
0.708226 0.862409
0.709346 0.862922
0.710196 0.863332
0.449101 0.191480
0.449346 0.192464
0.449445 0.192861
0.695086 0.139201
0.696519 0.138365
0.696885 0.138125
0.659126 0.160667
0.660552 0.159820
0.660923 0.159594
0.624969 0.181050
0.624597 0.181274
0.623172 0.182122
0.639351 0.172468
0.638979 0.172693
0.637553 0.173540
0.684295 0.145645
0.685724 0.144802
0.686093 0.144571
0.698686 0.137047
0.700125 0.136219
0.700489 0.135965
0.691488 0.141350
0.692919 0.140511
0.693287 0.140276
0.656956 0.161965
0.655530 0.162812
0.657328 0.161740
0.649765 0.166256
0.648339 0.167104
0.650137 0.166031
0.669912 0.154230
0.671339 0.153384
0.671710 0.153157
0.673508 0.152084
0.674935 0.151238
0.675305 0.151011
0.666317 0.156375
0.667743 0.155529
0.668114 0.155302
0.664147 0.157675
0.662721 0.158521
0.664519 0.157448
0.601599 0.194995
0.603025 0.194147
0.603397 0.193923
0.592611 0.200359
0.594036 0.199510
0.594409 0.199286
0.630362 0.177831
0.631788 0.176983
0.632160 0.176759
0.635755 0.174613
0.635383 0.174838
0.633958 0.175686
0.612385 0.188559
0.613811 0.187711
0.614183 0.187486
0.626767 0.179977
0.628192 0.179129
0.628565 0.178904
0.641148 0.171395
0.642574 0.170547
0.642946 0.170322
0.689690 0.142424
0.689321 0.142656
0.687891 0.143498
0.694719 0.139438
0.682497 0.146718
0.682127 0.146947
0.680699 0.147791
0.678901 0.148865
0.678531 0.149093
0.677103 0.149938
0.658754 0.160893
0.651563 0.165184
0.651935 0.164958
0.673137 0.152311
0.665945 0.156602
0.574634 0.211086
0.576059 0.210238
0.576432 0.210014
0.596206 0.198214
0.597632 0.197365
0.598004 0.197141
0.601227 0.195220
0.599802 0.196068
0.590441 0.201656
0.589016 0.202505
0.590813 0.201432
0.538681 0.232541
0.540106 0.231692
0.540479 0.231468
0.551265 0.225032
0.550892 0.225256
0.549467 0.226105
0.563848 0.217523
0.565273 0.216674
0.565646 0.216450
0.637181 0.173765
0.615981 0.186413
0.617406 0.185565
0.617778 0.185341
0.629990 0.178056
0.646541 0.168177
0.646170 0.168402
0.644744 0.169249
0.687522 0.143729
0.680329 0.148020
0.653361 0.164111
0.653732 0.163885
0.669541 0.154456
0.572837 0.212159
0.572464 0.212383
0.571039 0.213232
0.580027 0.207868
0.579655 0.208092
0.578230 0.208941
0.592238 0.200583
0.610588 0.189632
0.610215 0.189856
0.608790 0.190704
0.606992 0.191777
0.606620 0.192001
0.605195 0.192850
0.535086 0.234686
0.534713 0.234910
0.533288 0.235759
0.542276 0.230395
0.543701 0.229546
0.544074 0.229323
0.538308 0.232765
0.536883 0.233614
0.547669 0.227177
0.547297 0.227401
0.545872 0.228250
0.554860 0.222886
0.554487 0.223110
0.553062 0.223959
0.626395 0.180202
0.644372 0.169474
0.683925 0.145875
0.655158 0.163038
0.569241 0.214305
0.568869 0.214528
0.567444 0.215377
0.577857 0.209165
0.587218 0.203577
0.586845 0.203801
0.585420 0.204650
0.581825 0.206795
0.583250 0.205947
0.583623 0.205723
0.599429 0.196292
0.608418 0.190929
0.615608 0.186638
0.704148 0.133713
0.703762 0.134072
0.702298 0.134872
0.541904 0.230619
0.549094 0.226328
0.556658 0.221814
0.558083 0.220965
0.558455 0.220741
0.562051 0.218595
0.561678 0.218819
0.560253 0.219668
0.640776 0.171620
0.662350 0.158747
0.570666 0.213456
0.585048 0.204874
0.595834 0.198438
0.612013 0.188783
0.701935 0.135146
0.536511 0.233837
0.556285 0.222037
0.563476 0.217747
0.633585 0.175911
0.581452 0.207019
0.604822 0.193074
0.698321 0.137292
0.552690 0.224183
0.567071 0.215601
0.619576 0.184268
0.619204 0.184492
0.691120 0.141584
0.545499 0.228474
0.574262 0.211310
0.676733 0.150166
0.559880 0.219892
0.647967 0.167329
0.588643 0.202729
0.429204 0.429773
0.428983 0.430623
0.428942 0.430784
0.452040 0.341630
0.451865 0.342306
0.451778 0.342641
0.229567 0.536907
0.227849 0.536107
0.227587 0.535986
0.377689 0.072722
0.376656 0.071133
0.376422 0.070779
0.001725 0.430929
0.160523 0.504772
0.160261 0.504652
0.162242 0.505573
0.238926 0.541537
0.231693 0.545830
0.237118 0.542610
0.238316 0.541900
0.236507 0.542973
0.235309 0.543683
0.382283 0.998701
0.382731 0.997407
0.383259 0.996500
0.104513 0.621314
0.103317 0.622021
0.102705 0.622388
0.436983 0.881598
0.437530 0.880422
0.437959 0.879510
0.093664 0.627754
0.092468 0.628460
0.432099 0.892036
0.431669 0.892948
0.478009 0.793918
0.478557 0.792743
0.478986 0.791830
0.488408 0.748598
0.488058 0.747676
0.333826 0.535693
0.332913 0.535748
0.332617 0.535766
0.334122 0.535676
0.335036 0.535620
0.335331 0.535603
0.313567 0.536911
0.314481 0.536856
0.314776 0.536839
0.370454 0.533396
0.369233 0.533488
0.621564 0.821834
0.622680 0.822354
0.507334 0.768356
0.508449 0.768877
0.509303 0.769278
0.584144 0.804315
0.585260 0.804836
0.586113 0.805237
0.622799 0.182347
0.621374 0.183195
0.621001 0.183420
0.091856 0.628827
0.090660 0.629533
0.090048 0.629900
0.430145 0.896211
0.430692 0.895035
0.431122 0.894123
0.488034 0.747613
0.487685 0.746690
0.330495 0.535894
0.331408 0.535838
0.331704 0.535821
0.505009 0.793759
0.505714 0.795792
0.506042 0.796746
0.503975 0.790773
0.504680 0.792805
0.506747 0.798778
0.507075 0.799732
0.526381 0.855518
0.526708 0.856472
0.525675 0.853486
0.499842 0.778828
0.500547 0.780860
0.500875 0.781814
0.501909 0.784801
0.502614 0.786833
0.502942 0.787787
0.510175 0.808691
0.510880 0.810723
0.511209 0.811677
0.527414 0.858504
0.527742 0.859459
0.496414 0.768915
0.495709 0.766883
0.496742 0.769869
0.497775 0.772855
0.498480 0.774887
0.498809 0.775842
0.501580 0.783846
0.507780 0.801764
0.508109 0.802718
0.509847 0.807737
0.509142 0.805705
0.521542 0.841541
0.522247 0.843572
0.522575 0.844527
0.517080 0.828641
0.517409 0.829595
0.516375 0.826609
0.542208 0.901268
0.542915 0.903299
0.543242 0.904254
0.546341 0.913214
0.547049 0.915245
0.547375 0.916200
0.528775 0.862445
0.529481 0.864477
0.529808 0.865431
0.533614 0.876422
0.532908 0.874390
0.533942 0.877377
0.536008 0.883349
0.536714 0.885381
0.537042 0.886336
0.497447 0.771901
0.511914 0.813709
0.512242 0.814664
0.523608 0.847513
0.524314 0.849545
0.524642 0.850500
0.519475 0.835568
0.520181 0.837600
0.520508 0.838554
0.518114 0.831627
0.518442 0.832582
0.567008 0.972955
0.567725 0.974983
0.568041 0.975944
0.560808 0.955028
0.561519 0.957058
0.561841 0.958015
0.558741 0.949054
0.558418 0.948097
0.557708 0.946067
0.555317 0.939137
0.554608 0.937106
0.555641 0.940093
0.552541 0.931133
0.553250 0.933164
0.553575 0.934120
0.548082 0.918232
0.548408 0.919187
0.550475 0.925160
0.551183 0.927191
0.551508 0.928146
0.528447 0.861490
0.534648 0.879408
0.534975 0.880363
0.531875 0.871404
0.531548 0.870449
0.530842 0.868418
0.538075 0.889322
0.537748 0.888367
0.494347 0.762942
0.494676 0.763897
0.499514 0.777874
0.508814 0.804750
0.523281 0.846559
0.519147 0.834613
0.514309 0.820636
0.515014 0.822668
0.515342 0.823623
0.571142 0.984921
0.571873 0.986948
0.572175 0.987921
0.569075 0.978935
0.569797 0.980962
0.570108 0.981926
0.560485 0.954071
0.559775 0.952041
0.541175 0.898281
0.541882 0.900313
0.544275 0.907241
0.544982 0.909272
0.545308 0.910227
0.539108 0.892309
0.539815 0.894340
0.540142 0.895295
0.556350 0.942124
0.556675 0.943080
0.550149 0.924204
0.549441 0.922173
0.532581 0.873436
0.503647 0.789819
0.568761 0.977972
0.574243 0.993993
0.573971 0.992961
0.573209 0.990934
0.559452 0.951084
0.562875 0.961002
0.563587 0.963032
0.563908 0.963990
0.565975 0.969966
0.565656 0.969007
0.564941 0.966978
0.543948 0.906286
0.538781 0.891354
0.554283 0.936151
0.549116 0.921218
0.530514 0.867463
0.513275 0.817650
0.513980 0.819682
0.521214 0.840586
0.572917 0.989947
0.564621 0.966020
0.540848 0.897327
0.552216 0.930178
0.512947 0.816696
0.570834 0.983954
0.562553 0.960045
0.546015 0.912259
0.525347 0.852531
0.495380 0.765929
0.566690 0.971995
0.535681 0.882395
0.516047 0.825655
0.557384 0.945111
0.575076 0.996040
0.623534 0.822756
0.624650 0.823276
0.625503 0.823678
0.487661 0.746627
0.487312 0.745704
0.234699 0.544047
0.233501 0.544756
0.232889 0.545121
0.487287 0.745641
0.486938 0.744718
0.486914 0.744655
0.486565 0.743732
0.486540 0.743669
0.486191 0.742747
0.486167 0.742683
0.485818 0.741761
0.485794 0.741697
0.485444 0.740775
0.485420 0.740712
0.485071 0.739789
0.484300 0.737754
0.484324 0.737817
0.484697 0.738803
0.485047 0.739726
0.484673 0.738740
