0.425296 0.863763
0.426388 0.864344
0.681033 0.732198
0.679732 0.730902
0.677611 0.729092
0.678922 0.730312
0.739896 0.394921
0.739193 0.394871
0.738839 0.394845
0.611872 0.221189
0.610980 0.220707
0.747649 0.395485
0.747295 0.395458
0.748352 0.395535
0.758922 0.396302
0.758218 0.396252
0.757865 0.396225
0.757161 0.396175
0.756808 0.396148
0.647132 0.566653
0.647417 0.565902
0.647061 0.566837
0.098451 0.576036
0.098382 0.575716
0.098237 0.575030
0.839251 0.402130
0.838547 0.402080
0.838194 0.402053
0.585386 0.207031
0.585019 0.206833
0.585914 0.207311
0.584491 0.206552
0.584124 0.206354
0.818465 0.400623
0.819168 0.400673
0.818111 0.400596
0.815998 0.400443
0.815294 0.400393
0.814941 0.400366
0.816351 0.400469
0.817055 0.400519
0.817408 0.400546
0.602395 0.216121
0.602028 0.215923
0.602923 0.216401
0.855105 0.403280
0.854402 0.403230
0.854048 0.403203
0.582333 0.205397
0.581805 0.205117
0.581438 0.204919
0.580910 0.204638
0.580543 0.204441
0.618838 0.225267
0.619687 0.225805
0.637157 0.239178
0.637899 0.239853
0.638636 0.240533
0.639369 0.241220
0.640097 0.241913
0.642959 0.244746
0.643663 0.245470
0.644361 0.246200
0.647108 0.249181
0.647783 0.249942
0.648453 0.250709
0.649118 0.251482
0.653638 0.257066
0.654265 0.257889
0.654887 0.258717
0.656115 0.260393
0.656723 0.261240
0.657325 0.262093
0.657923 0.262953
0.658515 0.263818
0.659103 0.264690
0.659687 0.265568
0.660265 0.266452
0.679809 0.486235
0.680307 0.485358
0.705682 0.441976
0.705062 0.443006
0.679317 0.487114
0.678830 0.487996
0.706309 0.440945
0.740250 0.394948
0.740953 0.394998
0.742010 0.395075
0.741307 0.395025
0.752933 0.395868
0.753637 0.395918
0.753990 0.395945
0.654594 0.547017
0.654523 0.547201
0.654238 0.547952
0.756104 0.396098
0.759979 0.396378
0.760332 0.396405
0.761035 0.396455
0.759275 0.396328
0.646429 0.248427
0.762446 0.396558
0.762092 0.396532
0.761389 0.396482
0.748706 0.395561
0.647488 0.565718
0.771605 0.397222
0.771959 0.397249
0.772662 0.397299
0.773719 0.397375
0.773016 0.397325
0.642251 0.244029
0.641537 0.243317
0.640819 0.242612
0.632615 0.235246
0.633382 0.235889
0.775833 0.397529
0.775130 0.397479
0.774776 0.397452
0.636410 0.238510
0.774073 0.397402
0.776187 0.397555
0.635658 0.237848
0.631843 0.234610
0.617984 0.224736
0.617125 0.224211
0.616262 0.223692
0.780061 0.397835
0.780415 0.397862
0.781118 0.397912
0.640026 0.585354
0.640311 0.584602
0.640381 0.584419
0.640666 0.583667
0.640737 0.583484
0.641021 0.582732
0.641092 0.582549
0.813180 0.400239
0.813884 0.400289
0.814237 0.400316
0.812827 0.400213
0.808599 0.399906
0.807896 0.399856
0.807542 0.399829
0.808953 0.399933
0.809656 0.399983
0.810009 0.400009
0.810713 0.400059
0.667856 0.279478
0.667345 0.278507
0.686057 0.314659
0.685601 0.313780
0.685551 0.313681
0.580015 0.204160
0.675945 0.295113
0.675490 0.294235
0.675440 0.294136
0.742364 0.395101
0.743067 0.395152
0.743421 0.395178
0.657791 0.538601
0.658076 0.537850
0.658147 0.537666
0.744478 0.395255
0.744124 0.395228
0.322512 0.145362
0.323218 0.144923
0.323363 0.144833
0.407563 0.126811
0.406703 0.126269
0.406691 0.126262
0.405831 0.125719
0.405819 0.125712
0.324214 0.144304
0.324919 0.143865
0.325064 0.143776
0.324068 0.144394
0.255315 0.187135
0.255169 0.187224
0.254464 0.187663
0.487460 0.168711
0.487700 0.168802
0.488395 0.169069
0.407575 0.126819
0.408435 0.127361
0.408447 0.127368
0.737579 0.396423
0.738307 0.395424
0.738334 0.395386
0.501725 0.174167
0.502420 0.174435
0.501485 0.174077
0.736825 0.397459
0.737552 0.396461
0.736797 0.397497
0.728764 0.380390
0.729050 0.380807
0.729433 0.381360
0.639245 0.587408
0.639316 0.587224
0.639600 0.586472
0.639955 0.585537
0.639671 0.586289
0.638889 0.588343
0.638960 0.588159
0.235243 0.783270
0.235268 0.783298
0.234582 0.782542
0.234557 0.782514
0.233896 0.781785
0.233870 0.781757
0.233210 0.781029
0.233184 0.781001
0.232523 0.780272
0.225661 0.772707
0.226322 0.773436
0.226348 0.773464
0.225636 0.772679
0.224975 0.771951
0.223603 0.770438
0.224263 0.771166
0.224289 0.771194
0.224950 0.771923
0.222891 0.769653
0.222230 0.768925
0.222916 0.769681
0.223577 0.770410
0.227694 0.774949
0.227034 0.774220
0.227720 0.774977
0.227008 0.774192
0.230439 0.777975
0.230465 0.778003
0.229779 0.777246
0.192723 0.736395
0.193384 0.737124
0.193409 0.737152
0.195442 0.739394
0.194782 0.738665
0.195468 0.739421
0.200271 0.744717
0.200932 0.745446
0.200958 0.745473
0.201644 0.746230
0.202305 0.746959
0.202330 0.746986
0.201618 0.746202
0.618457 0.679233
0.617859 0.680190
0.617842 0.680217
0.088600 0.529796
0.088531 0.529477
0.088386 0.528791
0.140899 0.327336
0.141505 0.326533
0.092455 0.547890
0.092600 0.548575
0.092669 0.548895
0.097809 0.573020
0.097740 0.572700
0.097595 0.572015
0.167476 0.289157
0.167021 0.289814
0.166901 0.289989
0.097954 0.573706
0.098023 0.574025
0.098168 0.574711
0.168626 0.287491
0.168746 0.287316
0.169201 0.286659
0.167596 0.288981
0.168051 0.288324
0.168171 0.288149
0.169321 0.286484
0.647772 0.564966
0.088745 0.530482
0.088814 0.530802
0.098596 0.576721
0.098665 0.577041
0.093097 0.550906
0.093028 0.550586
0.092883 0.549900
0.092814 0.549581
0.091598 0.543869
0.091743 0.544555
0.091812 0.544874
0.091529 0.543549
0.091384 0.542864
0.093671 0.553601
0.093526 0.552916
0.093740 0.553921
0.093242 0.551591
0.093312 0.551911
0.093456 0.552596
0.094313 0.556617
0.094382 0.556937
0.094168 0.555932
0.088317 0.528471
0.088172 0.527786
0.207224 0.232622
0.206575 0.233419
0.180823 0.269833
0.181278 0.269176
0.181398 0.269001
0.180703 0.270008
0.181853 0.268343
0.180248 0.270666
0.234990 0.199953
0.234647 0.200352
0.234320 0.200739
0.073173 0.446066
0.073071 0.447173
0.194070 0.737881
0.194095 0.737908
0.194756 0.738637
0.242230 0.787328
0.241453 0.786931
0.241328 0.786867
0.277974 0.802792
0.278747 0.802865
0.279133 0.802900
0.630859 0.614539
0.630966 0.613970
0.631043 0.613544
0.281063 0.803081
0.281449 0.803116
0.280291 0.803008
0.279905 0.802973
0.584020 0.734338
0.584037 0.734311
0.584635 0.733354
0.585250 0.732370
0.584652 0.733327
0.579100 0.742210
0.578502 0.743167
0.578485 0.743194
0.622378 0.660330
0.622485 0.659761
0.622563 0.659335
0.621932 0.662747
0.621825 0.663316
0.621748 0.663743
0.622010 0.662321
0.633915 0.601433
0.633631 0.602185
0.633560 0.602368
0.633986 0.601249
0.200246 0.744689
0.199585 0.743960
0.199560 0.743933
0.198899 0.743204
0.634271 0.600498
0.634341 0.600314
0.634697 0.599379
0.634626 0.599563
0.811066 0.400086
0.811770 0.400136
0.812123 0.400163
0.271071 0.802082
0.270293 0.801685
0.270169 0.801621
0.213284 0.759062
0.212623 0.758334
0.213309 0.759090
0.277588 0.802757
0.276816 0.802684
0.633205 0.603303
0.632920 0.604055
0.633275 0.603120
0.632849 0.604238
0.632688 0.604664
0.632625 0.605011
0.632518 0.605580
0.632441 0.606006
0.632334 0.606575
0.632149 0.607571
0.632256 0.607002
0.631150 0.612975
0.631228 0.612548
0.821282 0.400826
0.821636 0.400853
0.822339 0.400903
0.631596 0.610557
0.631703 0.609988
0.631781 0.609562
0.824453 0.401056
0.823750 0.401006
0.823396 0.400979
0.822693 0.400929
0.624513 0.648811
0.624591 0.648385
0.624698 0.647816
0.598447 0.214009
0.598814 0.214207
0.599342 0.214487
0.833966 0.401746
0.834320 0.401773
0.835023 0.401823
0.836080 0.401900
0.836434 0.401926
0.837137 0.401976
0.835377 0.401850
0.837491 0.402003
0.601499 0.215642
0.819522 0.400699
0.820225 0.400749
0.820579 0.400776
0.601133 0.215444
0.600604 0.215164
0.600238 0.214966
0.599709 0.214685
0.852991 0.403127
0.853345 0.403153
0.626541 0.637861
0.626434 0.638430
0.626357 0.638856
0.626250 0.639425
0.841365 0.402283
0.840661 0.402233
0.840308 0.402206
0.583229 0.205876
0.583595 0.206074
0.839604 0.402156
0.582700 0.205595
0.627909 0.630466
0.627832 0.630893
0.628016 0.629897
0.624775 0.647389
0.624882 0.646820
0.625066 0.645825
0.624959 0.646394
0.862504 0.403817
0.861801 0.403767
0.861447 0.403740
0.862858 0.403844
0.864618 0.403970
0.863915 0.403920
0.863561 0.403893
0.864972 0.403997
0.866732 0.404123
0.866029 0.404074
0.865675 0.404047
0.867085 0.404150
0.841718 0.402310
0.842422 0.402360
0.842775 0.402386
0.843479 0.402436
0.628462 0.627480
0.628569 0.626911
0.628385 0.627906
0.845946 0.402617
0.846649 0.402666
0.845593 0.402590
0.579749 0.204017
0.580228 0.203220
0.843832 0.402463
0.844536 0.402513
0.844889 0.402540
0.849117 0.402847
0.849820 0.402897
0.850174 0.402923
0.851231 0.403000
0.851934 0.403050
0.852288 0.403077
0.850877 0.402973
0.634144 0.236537
0.779358 0.397785
0.779004 0.397759
0.645055 0.246936
0.645745 0.247678
0.763149 0.396609
0.651084 0.253838
0.650434 0.253047
0.649193 0.561226
0.648909 0.561978
0.648838 0.562161
0.767377 0.396915
0.767731 0.396942
0.768434 0.396992
0.769491 0.397069
0.768788 0.397018
0.652817 0.551692
0.653102 0.550941
0.653172 0.550757
0.653457 0.550006
0.653528 0.549822
0.652746 0.551876
0.652462 0.552627
0.652106 0.553562
0.652391 0.552811
0.654878 0.546266
0.657721 0.538785
0.231969 0.203499
0.232312 0.203100
0.232639 0.202713
0.661984 0.527565
0.662055 0.527381
0.662340 0.526630
0.658431 0.536915
0.658502 0.536731
0.660563 0.531305
0.660278 0.532056
0.660208 0.532240
0.696815 0.456997
0.704449 0.444036
0.680810 0.484483
0.746238 0.395382
0.745535 0.395331
0.745181 0.395305
0.746592 0.395408
0.655503 0.259552
0.671760 0.502393
0.672162 0.501477
0.708884 0.436820
0.708230 0.437851
0.677401 0.490653
0.677872 0.489765
0.659568 0.533926
0.659852 0.533175
0.659923 0.532991
0.738734 0.394837
0.781471 0.397939
0.645000 0.572263
0.645285 0.571512
0.645356 0.571328
0.750466 0.395688
0.749763 0.395638
0.749409 0.395612
0.653007 0.256250
0.652371 0.255440
0.752580 0.395842
0.751877 0.395792
0.751523 0.395765
0.750820 0.395715
0.651730 0.254636
0.755751 0.396072
0.755047 0.396022
0.754694 0.395995
0.649778 0.252261
0.654168 0.548136
0.653883 0.548887
0.653812 0.549071
0.650685 0.557302
0.650970 0.556551
0.650614 0.557486
0.652036 0.553746
0.651751 0.554497
0.657436 0.539537
0.657365 0.539720
0.232981 0.202313
0.765263 0.396762
0.765617 0.396788
0.766320 0.396839
0.766674 0.396865
0.763503 0.396635
0.764206 0.396685
0.764560 0.396712
0.651041 0.556367
0.646422 0.568523
0.646706 0.567772
0.646777 0.567588
0.645711 0.570393
0.645996 0.569642
0.646066 0.569458
0.646351 0.568707
0.778301 0.397709
0.645640 0.570577
0.615394 0.223179
0.798029 0.399139
0.798383 0.399166
0.799086 0.399216
0.797326 0.399089
0.644930 0.572447
0.644645 0.573198
0.783232 0.398066
0.782528 0.398015
0.782175 0.397989
0.631066 0.233980
0.642798 0.578057
0.642869 0.577873
0.642513 0.578808
0.785346 0.398219
0.785699 0.398245
0.786403 0.398296
0.643579 0.576003
0.643864 0.575252
0.643935 0.575068
0.788870 0.398476
0.788517 0.398449
0.789573 0.398526
0.626305 0.230328
0.625495 0.229741
0.624679 0.229160
0.641377 0.581797
0.641447 0.581614
0.796269 0.399012
0.796972 0.399062
0.795915 0.398986
0.795212 0.398936
0.620531 0.226349
0.621370 0.226899
0.794858 0.398909
0.794155 0.398859
0.793801 0.398832
0.793098 0.398782
0.623034 0.228017
0.622205 0.227455
0.666308 0.276585
0.666829 0.277543
0.686107 0.314757
0.686562 0.315636
0.684085 0.310848
0.684034 0.310750
0.684540 0.311727
0.675995 0.295212
0.676451 0.296091
0.076407 0.426967
0.076158 0.427986
0.338053 0.136428
0.337971 0.136470
0.327478 0.142293
0.328337 0.141779
0.326622 0.142812
0.330063 0.140766
0.330930 0.140268
0.331800 0.139775
0.325769 0.143336
0.333549 0.138804
0.332673 0.139287
0.334428 0.138327
0.336194 0.137388
0.335309 0.137855
0.337081 0.136926
0.329198 0.141270
0.485830 0.168086
0.486525 0.168354
0.486765 0.168444
0.423266 0.136713
0.424125 0.137255
0.424137 0.137263
0.423254 0.136706
0.422394 0.136163
0.485590 0.167996
0.484895 0.167729
0.484655 0.167638
0.483960 0.167371
0.470870 0.162363
0.471565 0.162631
0.471805 0.162721
0.437201 0.145501
0.436341 0.144958
0.437213 0.145508
0.472740 0.163079
0.473435 0.163346
0.473675 0.163436
0.472500 0.162988
0.474370 0.163704
0.474610 0.163794
0.475305 0.164061
0.475545 0.164152
0.476480 0.164510
0.477175 0.164777
0.477415 0.164867
0.431971 0.142202
0.431983 0.142210
0.431111 0.141660
0.476240 0.164419
0.478350 0.165225
0.478110 0.165134
0.419767 0.134507
0.419779 0.134514
0.418907 0.133965
0.479980 0.165850
0.479285 0.165583
0.479045 0.165492
0.253613 0.188192
0.254319 0.187753
0.433726 0.143309
0.433714 0.143302
0.432854 0.142760
0.432842 0.142752
0.431099 0.141653
0.430239 0.141111
0.430227 0.141103
0.429368 0.140561
0.480220 0.165940
0.396535 0.102772
0.396395 0.103664
0.396284 0.104398
0.524166 0.182752
0.524861 0.183019
0.525101 0.183110
0.415420 0.131766
0.415408 0.131758
0.414549 0.131216
0.413677 0.130667
0.414537 0.131209
0.401461 0.122983
0.402341 0.123525
0.404076 0.124613
0.404088 0.124620
0.404948 0.125162
0.404960 0.125170
0.403216 0.124070
0.481850 0.166565
0.481155 0.166298
0.480915 0.166208
0.482090 0.166656
0.251912 0.189250
0.251767 0.189339
0.251062 0.189779
0.253468 0.188282
0.252763 0.188721
0.252617 0.188810
0.738418 0.394381
0.737462 0.392995
0.737749 0.393411
0.738132 0.393964
0.736793 0.392025
0.737080 0.392442
0.736410 0.391472
0.502660 0.174525
0.733778 0.401644
0.733050 0.402643
0.733023 0.402681
0.733805 0.401606
0.662410 0.526446
0.661344 0.529251
0.661629 0.528500
0.661700 0.528316
0.734532 0.400608
0.661274 0.529435
0.734560 0.400569
0.735287 0.399571
0.735315 0.399533
0.729719 0.381777
0.730102 0.382330
0.730771 0.383299
0.730388 0.382746
0.114056 0.616226
0.114258 0.616649
0.114490 0.617127
0.114924 0.618028
0.114692 0.617550
0.109714 0.607218
0.109482 0.606740
0.109280 0.606317
0.228406 0.775733
0.229067 0.776462
0.229092 0.776490
0.229753 0.777218
0.228381 0.775705
0.218113 0.764386
0.218087 0.764358
0.217427 0.763629
0.231151 0.778759
0.231812 0.779488
0.231837 0.779516
0.231125 0.778731
0.232498 0.780244
0.186522 0.729559
0.185861 0.728831
0.186547 0.729587
0.189266 0.732585
0.189292 0.732613
0.188606 0.731857
0.191351 0.734883
0.192011 0.735611
0.192037 0.735639
0.191325 0.734855
0.190664 0.734126
0.192698 0.736368
0.635336 0.597693
0.635052 0.598444
0.634981 0.598628
0.196815 0.740907
0.196154 0.740178
0.196840 0.740934
0.635407 0.597509
0.636047 0.595823
0.635763 0.596574
0.635692 0.596758
0.196129 0.740150
0.113824 0.615748
0.113621 0.615325
0.113390 0.614847
0.113187 0.614424
0.636118 0.595639
0.636402 0.594888
0.202991 0.747715
0.203016 0.747743
0.913316 0.482521
0.915176 0.485921
0.915367 0.486225
0.917470 0.489986
0.917219 0.489632
0.909232 0.475132
0.911098 0.478528
0.911273 0.478825
0.913136 0.482222
0.659021 0.712976
0.660355 0.714150
0.661082 0.714765
0.662415 0.715939
0.663142 0.716554
0.664475 0.717729
0.665204 0.718343
0.673458 0.725503
0.674782 0.726693
0.675529 0.727295
0.676848 0.728495
0.666535 0.719520
0.667265 0.720132
0.607388 0.696945
0.607405 0.696918
0.608003 0.695961
0.617244 0.681174
0.617227 0.681201
0.616629 0.682158
0.616612 0.682185
0.366481 0.743125
0.367993 0.741995
0.369125 0.741198
0.596319 0.714657
0.595721 0.715615
0.595704 0.715641
0.619244 0.677253
0.619351 0.676684
0.619428 0.676257
0.597549 0.712689
0.596951 0.713647
0.596934 0.713673
0.370635 0.740064
0.371772 0.739270
0.596336 0.714631
0.373280 0.738130
0.374425 0.737340
0.593261 0.719551
0.593244 0.719577
0.593859 0.718593
0.592646 0.720535
0.592629 0.720561
0.592031 0.721519
0.592014 0.721546
0.587111 0.729391
0.587709 0.728434
0.587094 0.729418
0.583422 0.735295
0.583405 0.735322
0.580962 0.739231
0.581560 0.738274
0.580945 0.739258
0.378592 0.734231
0.377091 0.735406
0.375929 0.736189
0.381317 0.732186
0.379803 0.733457
0.624222 0.650376
0.624329 0.649806
0.624406 0.649380
0.624144 0.650802
0.624038 0.651371
0.355917 0.750828
0.354793 0.751633
0.353277 0.752753
0.350638 0.754679
0.352154 0.753559
0.626619 0.637435
0.626725 0.636866
0.626910 0.635870
0.626803 0.636439
0.341600 0.761262
0.340082 0.762379
0.342721 0.760454
0.589571 0.725455
0.590169 0.724498
0.589554 0.725482
0.140510 0.327842
0.140289 0.328136
0.142072 0.325770
0.142106 0.325725
0.142706 0.324916
0.150223 0.314132
0.150343 0.313957
0.150798 0.313300
0.149073 0.315797
0.149193 0.315622
0.149648 0.314965
0.149768 0.314789
0.090313 0.537838
0.090458 0.538523
0.090528 0.538843
0.145047 0.321625
0.144471 0.322456
0.095025 0.559952
0.094955 0.559633
0.094811 0.558947
0.158969 0.301469
0.159425 0.300812
0.158850 0.301644
0.096738 0.567994
0.096669 0.567674
0.096524 0.566989
0.095170 0.560638
0.095239 0.560958
0.096096 0.564978
0.096026 0.564659
0.095881 0.563973
0.095667 0.562968
0.095812 0.563654
0.169776 0.285826
0.171046 0.283986
0.171502 0.283329
0.171621 0.283153
0.170927 0.284161
0.164025 0.294152
0.164145 0.293976
0.164601 0.293319
0.162875 0.295817
0.162995 0.295641
0.163450 0.294984
0.163570 0.294809
0.166445 0.290646
0.166326 0.290822
0.165870 0.291479
0.118324 0.356914
0.117936 0.357420
0.118546 0.356621
0.118935 0.356115
0.119156 0.355821
0.120986 0.353423
0.121375 0.352917
0.121596 0.352624
0.121985 0.352118
0.122207 0.351824
0.159544 0.300636
0.160000 0.299979
0.160575 0.299147
0.160119 0.299804
0.115495 0.360618
0.115274 0.360911
0.114885 0.361417
0.169896 0.285651
0.170352 0.284994
0.170471 0.284819
0.108174 0.370210
0.107953 0.370504
0.107564 0.371010
0.106954 0.371809
0.107342 0.371303
0.088959 0.531487
0.089028 0.531807
0.099522 0.581062
0.099453 0.580742
0.099308 0.580056
0.099094 0.579051
0.099239 0.579737
0.099667 0.581747
0.099736 0.582067
0.091957 0.545560
0.092027 0.545880
0.091315 0.542544
0.091170 0.541859
0.094099 0.555612
0.093954 0.554926
0.093885 0.554607
0.088102 0.527466
0.087958 0.526781
0.087744 0.525776
0.087888 0.526461
0.123816 0.349719
0.123427 0.350225
0.123205 0.350519
0.122595 0.351318
0.122817 0.351025
0.126477 0.346229
0.126256 0.346522
0.125867 0.347028
0.084890 0.512388
0.084745 0.511703
0.084959 0.512708
0.085104 0.513393
0.085174 0.513713
0.131747 0.339327
0.131358 0.339833
0.131137 0.340127
0.130748 0.340633
0.130527 0.340926
0.126866 0.345722
0.125646 0.347321
0.076663 0.425953
0.076928 0.424943
0.075686 0.430039
0.075918 0.429010
0.216570 0.221595
0.216912 0.221195
0.217240 0.220808
0.075461 0.431073
0.083497 0.406701
0.083924 0.405791
0.190025 0.256513
0.190480 0.255856
0.190600 0.255680
0.191055 0.255023
0.191175 0.254848
0.092990 0.390237
0.092418 0.391059
0.093571 0.389420
0.183579 0.265846
0.183123 0.266503
0.183004 0.266678
0.184729 0.264181
0.184274 0.264838
0.184154 0.265013
0.185304 0.263348
0.184849 0.264005
0.183698 0.265670
0.110614 0.367013
0.110393 0.367306
0.110004 0.367812
0.109394 0.368612
0.109783 0.368106
0.117714 0.357713
0.117326 0.358219
0.115884 0.360112
0.116105 0.359818
0.073181 0.457422
0.073111 0.457102
0.072967 0.456417
0.098191 0.383294
0.097802 0.383800
0.097581 0.384094
0.233308 0.201926
0.233651 0.201526
0.233978 0.201139
0.073325 0.458107
0.073395 0.458427
0.106732 0.372103
0.106344 0.372609
0.073808 0.440600
0.073665 0.441683
0.073960 0.439522
0.073530 0.442772
0.072976 0.448286
0.115792 0.619829
0.115995 0.620252
0.116227 0.620730
0.177626 0.719753
0.178287 0.720481
0.178313 0.720509
0.115126 0.618451
0.115358 0.618928
0.115561 0.619351
0.240551 0.786470
0.240427 0.786406
0.273341 0.802361
0.274113 0.802434
0.274499 0.802468
0.272955 0.802326
0.272183 0.802253
0.271195 0.802146
0.271231 0.802164
0.271797 0.802218
0.284659 0.803661
0.283928 0.803348
0.284926 0.803774
0.284678 0.802803
0.567433 0.760880
0.567416 0.760906
0.568031 0.759922
0.573566 0.751066
0.572968 0.752024
0.572951 0.752050
0.565571 0.763858
0.565588 0.763832
0.566186 0.762874
0.291605 0.806632
0.291872 0.806745
0.290483 0.806151
0.573583 0.751040
0.574181 0.750082
0.551427 0.786491
0.550830 0.787449
0.550812 0.787475
0.424980 0.863709
0.423875 0.863180
0.606671 0.158808
0.604859 0.161938
0.602553 0.165728
0.609004 0.155006
0.615223 0.144244
0.613251 0.147944
0.610821 0.151814
0.412120 0.001104
0.412164 0.001922
0.600739 0.168836
0.598447 0.172624
0.571851 0.200995
0.571611 0.200904
0.570916 0.200637
0.544496 0.190531
0.544736 0.190621
0.543801 0.190264
0.868846 0.404277
0.868142 0.404227
0.867789 0.404200
0.869199 0.404304
0.869903 0.404353
0.622301 0.660756
0.622194 0.661326
0.622116 0.661752
0.623223 0.655779
0.623116 0.656348
0.623038 0.656775
0.623300 0.655353
0.623407 0.654784
0.623484 0.654357
0.622747 0.658339
0.622854 0.657770
0.622931 0.657344
0.622670 0.658766
0.621641 0.664312
0.620350 0.671280
0.620457 0.670711
0.620535 0.670285
0.621195 0.666729
0.621088 0.667298
0.621010 0.667725
0.621272 0.666303
0.620903 0.668294
0.620826 0.668720
0.620719 0.669289
0.620642 0.669716
0.637539 0.591899
0.637468 0.592083
0.637184 0.592834
0.637113 0.593018
0.636473 0.594704
0.636758 0.593953
0.636828 0.593769
0.806839 0.399779
0.266564 0.799776
0.265787 0.799379
0.265663 0.799315
0.213996 0.759847
0.214656 0.760575
0.214682 0.760603
0.213970 0.759819
0.215368 0.761360
0.215343 0.761332
0.152623 0.887886
0.151174 0.889591
0.152981 0.887367
0.163658 0.874123
0.165061 0.872396
0.165433 0.871918
0.167209 0.869713
0.168610 0.867985
0.168984 0.867508
0.212598 0.758306
0.200923 0.827830
0.202320 0.826099
0.202697 0.825626
0.195223 0.834917
0.193826 0.836647
0.195600 0.834443
0.186729 0.845464
0.188127 0.843734
0.188503 0.843260
0.190277 0.841056
0.191675 0.839325
0.192052 0.838852
0.183180 0.849873
0.184579 0.848143
0.184954 0.847669
0.159737 0.879016
0.158329 0.880740
0.160106 0.878534
0.154406 0.885654
0.154769 0.885155
0.172533 0.863099
0.173933 0.861370
0.174308 0.860895
0.166836 0.870191
0.232857 0.788155
0.234253 0.786423
0.234631 0.785951
0.223986 0.799176
0.223609 0.799648
0.222212 0.801380
0.209793 0.816809
0.211190 0.815078
0.211568 0.814605
0.205868 0.821691
0.204471 0.823422
0.206245 0.821218
0.189953 0.733342
0.189978 0.733370
0.190639 0.734098
0.185835 0.728803
0.141445 0.731717
0.124382 0.740854
0.118153 0.744262
0.211912 0.757549
0.211251 0.756821
0.211225 0.756793
0.217401 0.763601
0.200546 0.828304
0.199148 0.830035
0.196997 0.832712
0.197374 0.832239
0.189901 0.841530
0.182804 0.850347
0.181406 0.852077
0.161512 0.876809
0.161882 0.876328
0.156185 0.883437
0.156550 0.882946
0.176082 0.858690
0.175708 0.859166
0.170385 0.865780
0.170758 0.865304
0.229309 0.792563
0.230705 0.790832
0.231083 0.790359
0.225761 0.796972
0.227157 0.795240
0.227535 0.794767
0.207642 0.819486
0.208019 0.819013
0.187208 0.730316
0.187233 0.730344
0.187894 0.731072
0.188580 0.731829
0.222205 0.768897
0.216029 0.762088
0.198772 0.830508
0.186353 0.845938
0.157961 0.881225
0.179631 0.854282
0.179256 0.854756
0.177857 0.856486
0.218664 0.805788
0.218287 0.806261
0.216890 0.807993
0.232479 0.788627
0.209416 0.817282
0.198873 0.743176
0.187920 0.731100
0.094056 0.757281
0.100994 0.753421
0.178973 0.721238
0.181718 0.724264
0.181057 0.723535
0.181032 0.723507
0.185175 0.728074
0.185149 0.728046
0.203677 0.748472
0.210539 0.756036
0.209878 0.755308
0.209853 0.755280
0.193449 0.837121
0.163287 0.874602
0.177482 0.856961
0.225383 0.797444
0.147561 0.728389
0.164596 0.719255
0.177601 0.719725
0.211937 0.757577
0.172159 0.863575
0.228931 0.793036
0.184463 0.727290
0.184488 0.727318
0.235929 0.784027
0.181030 0.852552
0.197501 0.741663
0.210565 0.756064
0.204094 0.823895
0.203702 0.748499
0.204363 0.749228
0.218774 0.765114
0.150808 0.890214
0.218799 0.765142
0.219460 0.765871
0.219485 0.765899
0.220146 0.766627
0.220172 0.766655
0.220832 0.767384
0.209192 0.754551
0.209167 0.754523
0.630781 0.614965
0.831149 0.401543
0.830795 0.401516
0.830092 0.401466
0.831852 0.401593
0.591286 0.210182
0.591652 0.210380
0.592181 0.210660
0.631519 0.610984
0.631412 0.611553
0.631334 0.611979
0.632072 0.607997
0.631965 0.608566
0.631888 0.608993
0.625144 0.645398
0.625251 0.644829
0.360072 0.747780
0.358557 0.748903
0.357432 0.749707
0.625328 0.644403
0.365352 0.743924
0.363839 0.745051
0.362711 0.745852
0.361198 0.746977
0.590757 0.209901
0.590390 0.209703
0.595762 0.212574
0.596128 0.212772
0.596657 0.213052
0.832206 0.401620
0.832909 0.401670
0.833263 0.401696
0.630228 0.617952
0.630121 0.618521
0.630044 0.618947
0.630413 0.616956
0.630306 0.617525
0.669373 0.282409
0.669423 0.282507
0.669878 0.283386
0.673417 0.290227
0.672962 0.289348
0.673468 0.290326
0.674479 0.292280
0.674934 0.293159
0.674984 0.293257
0.673923 0.291204
0.673973 0.291303
0.674428 0.292182
0.897281 0.376466
0.895555 0.378523
0.895027 0.379143
0.886015 0.389852
0.886542 0.389232
0.888268 0.387175
0.890521 0.384498
0.888795 0.386554
0.855459 0.403307
0.856162 0.403357
0.856516 0.403383
0.857219 0.403433
0.626172 0.639852
0.857573 0.403460
0.858276 0.403510
0.858630 0.403537
0.859333 0.403587
0.847003 0.402693
0.847706 0.402743
0.848060 0.402770
0.848763 0.402820
0.627725 0.631462
0.627647 0.631888
0.859687 0.403613
0.860390 0.403663
0.860744 0.403690
0.625435 0.643834
0.625512 0.643407
0.625619 0.642838
0.625697 0.642412
0.625804 0.641843
0.625881 0.641416
0.625988 0.640847
0.626065 0.640421
0.344238 0.759336
0.669929 0.283485
0.608294 0.219272
0.608661 0.219470
0.609190 0.219750
0.606871 0.218513
0.607399 0.218793
0.607766 0.218991
0.606504 0.218315
0.603290 0.216599
0.603818 0.216879
0.604185 0.217077
0.604714 0.217358
0.605080 0.217556
0.605609 0.217836
0.605976 0.218034
0.777947 0.397682
0.777244 0.397632
0.776890 0.397605
0.634902 0.237192
0.634837 0.237137
0.665783 0.275633
0.665253 0.274687
0.664178 0.272814
0.664718 0.273747
0.733065 0.386624
0.732779 0.386208
0.733448 0.387177
0.732396 0.385655
0.732110 0.385238
0.648553 0.562913
0.648483 0.563096
0.769845 0.397095
0.770548 0.397145
0.770902 0.397172
0.649264 0.561043
0.649549 0.560291
0.649619 0.560108
0.649904 0.559356
0.222938 0.214114
0.223265 0.213727
0.222596 0.214514
0.074119 0.438449
0.074286 0.437380
0.229291 0.206646
0.228964 0.207033
0.228622 0.207433
0.229633 0.206247
0.229961 0.205860
0.228294 0.207820
0.227952 0.208220
0.072890 0.449404
0.230303 0.205460
0.654949 0.546082
0.655233 0.545331
0.655304 0.545147
0.655589 0.544395
0.655660 0.544212
0.231642 0.203886
0.231300 0.204286
0.659497 0.534110
0.659213 0.534861
0.723964 0.415122
0.723992 0.415083
0.723237 0.416120
0.669095 0.508866
0.668735 0.509799
0.732268 0.403718
0.731541 0.404716
0.731513 0.404754
0.662695 0.525695
0.662766 0.525511
0.732295 0.403680
0.672982 0.499651
0.673400 0.498742
0.721727 0.418194
0.722455 0.417195
0.722482 0.417157
0.669459 0.507934
0.669830 0.507005
0.723209 0.416158
0.490265 0.169785
0.489570 0.169517
0.489330 0.169427
0.490505 0.169875
0.488635 0.169160
0.663050 0.524760
0.494245 0.171306
0.494940 0.171573
0.494005 0.171215
0.495180 0.171663
0.495875 0.171931
0.670586 0.505154
0.670972 0.504231
0.718714 0.422340
0.717973 0.423376
0.717238 0.424412
0.671363 0.503311
0.719463 0.421304
0.712254 0.431655
0.712949 0.430621
0.674686 0.496026
0.675125 0.495125
0.715072 0.427518
0.714358 0.428552
0.706943 0.439914
0.707583 0.438883
0.678348 0.488879
0.711567 0.432689
0.508966 0.176938
0.508270 0.176671
0.508031 0.176581
0.734117 0.388147
0.734403 0.388563
0.733734 0.387594
0.734786 0.389116
0.735072 0.389533
0.507335 0.176314
0.735455 0.390086
0.660838 0.267343
0.670889 0.285341
0.670434 0.284462
0.670384 0.284363
0.724749 0.374573
0.725035 0.374990
0.725418 0.375543
0.726088 0.376512
0.725705 0.375959
0.728381 0.379838
0.668362 0.280454
0.728095 0.379421
0.727712 0.378868
0.651680 0.554681
0.651396 0.555432
0.651325 0.555616
0.656725 0.541407
0.657010 0.540655
0.657081 0.540472
0.656655 0.541590
0.656370 0.542342
0.649975 0.559172
0.650259 0.558421
0.650330 0.558237
0.614521 0.222672
0.801200 0.399369
0.801554 0.399396
0.802257 0.399446
0.638605 0.589094
0.638534 0.589278
0.638250 0.590029
0.799440 0.399242
0.800143 0.399292
0.800497 0.399319
0.629498 0.232738
0.630285 0.233356
0.628707 0.232126
0.783585 0.398092
0.784289 0.398142
0.784642 0.398169
0.644219 0.574317
0.644290 0.574133
0.644574 0.573382
0.786756 0.398322
0.787460 0.398372
0.787813 0.398399
0.643153 0.577122
0.643224 0.576938
0.643508 0.576187
0.627111 0.230921
0.627911 0.231521
0.789927 0.398552
0.790630 0.398602
0.642443 0.578992
0.642158 0.579743
0.792744 0.398756
0.623859 0.228586
0.686613 0.315734
0.687068 0.316613
0.723697 0.373051
0.724080 0.373604
0.724366 0.374020
0.723411 0.372634
0.723028 0.372081
0.722742 0.371665
0.523926 0.182662
0.526036 0.183467
0.526731 0.183735
0.526971 0.183825
0.525796 0.183377
0.396646 0.102039
0.396786 0.101146
0.396897 0.100413
0.397037 0.099521
0.684590 0.311825
0.685045 0.312704
0.685096 0.312803
0.704007 0.344517
0.704293 0.344934
0.704676 0.345487
0.703624 0.343964
0.703338 0.343548
0.683074 0.308894
0.683529 0.309772
0.683579 0.309871
0.683023 0.308795
0.682568 0.307916
0.682518 0.307818
0.682062 0.306939
0.682012 0.306840
0.216243 0.221982
0.215901 0.222381
0.215573 0.222768
0.215231 0.223168
0.222269 0.214901
0.221926 0.215301
0.221599 0.215688
0.191630 0.254191
0.217909 0.220021
0.218251 0.219621
0.218579 0.219234
0.217582 0.220408
0.075037 0.433156
0.075245 0.432112
0.218921 0.218835
0.189905 0.256688
0.219248 0.218448
0.219591 0.218048
0.074838 0.434205
0.091297 0.392719
0.091853 0.391887
0.191750 0.254015
0.192325 0.253183
0.192780 0.252525
0.192205 0.253358
0.192900 0.252350
0.193355 0.251693
0.514816 0.179175
0.515511 0.179442
0.515751 0.179533
0.394272 0.118792
0.395185 0.119302
0.396094 0.119816
0.514576 0.179085
0.516446 0.179800
0.496115 0.172021
0.496810 0.172288
0.497050 0.172379
0.413665 0.130659
0.412805 0.130117
0.497745 0.172646
0.497985 0.172737
0.412793 0.130109
0.411933 0.129567
0.410178 0.128460
0.410190 0.128468
0.411050 0.129010
0.411921 0.129560
0.411062 0.129017
0.314711 0.150210
0.314006 0.150650
0.314857 0.150121
0.424997 0.137805
0.307056 0.154969
0.306351 0.155409
0.307201 0.154880
0.422382 0.136156
0.434586 0.143851
0.434598 0.143859
0.277285 0.173476
0.276580 0.173916
0.277430 0.173387
0.274733 0.175062
0.274028 0.175502
0.274879 0.174973
0.457675 0.156856
0.456763 0.156429
0.454944 0.155556
0.455852 0.155996
0.276434 0.174005
0.275729 0.174444
0.454038 0.155111
0.275584 0.174534
0.482785 0.166923
0.483025 0.167013
0.483720 0.167281
0.250211 0.190307
0.250916 0.189868
0.425009 0.137812
0.425869 0.138355
0.425881 0.138362
0.470630 0.162273
0.469935 0.162006
0.418895 0.133957
0.418035 0.133415
0.417164 0.132865
0.418023 0.133407
0.492375 0.170590
0.493070 0.170858
0.493310 0.170948
0.492135 0.170500
0.491440 0.170233
0.491200 0.170142
0.420650 0.135064
0.421510 0.135606
0.421522 0.135614
0.420638 0.135057
0.298550 0.160257
0.298695 0.160168
0.297845 0.160696
0.426740 0.138904
0.427624 0.139461
0.427612 0.139454
0.426752 0.138912
0.302803 0.157613
0.302948 0.157524
0.302098 0.158052
0.429356 0.140553
0.428496 0.140011
0.428484 0.140004
0.296849 0.161314
0.296144 0.161754
0.296994 0.161225
0.297699 0.160786
0.295293 0.162283
0.295998 0.161843
0.396144 0.105290
0.396033 0.106023
0.517381 0.180158
0.516686 0.179890
0.517621 0.180248
0.394277 0.117402
0.394137 0.118294
0.394078 0.118685
0.394388 0.116668
0.394528 0.115776
0.394639 0.115043
0.394779 0.114151
0.395029 0.112525
0.394889 0.113417
0.522296 0.182037
0.522991 0.182304
0.523231 0.182394
0.522056 0.181946
0.395893 0.106915
0.395782 0.107649
0.395531 0.109274
0.395391 0.110166
0.395280 0.110900
0.521361 0.181679
0.395642 0.108541
0.395140 0.111792
0.370831 0.123612
0.369844 0.123891
0.368859 0.124175
0.342451 0.134242
0.343356 0.133811
0.341550 0.134677
0.357267 0.127988
0.356320 0.128339
0.355375 0.128696
0.393277 0.118805
0.350695 0.130559
0.351626 0.130176
0.352559 0.129798
0.399688 0.121911
0.400576 0.122445
0.391179 0.119138
0.390134 0.119312
0.389093 0.119491
0.363012 0.125987
0.362047 0.126307
0.363979 0.125672
0.358217 0.127641
0.359171 0.127300
0.345174 0.132967
0.346087 0.132553
0.347003 0.132144
0.376815 0.122050
0.375811 0.122298
0.374809 0.122550
0.388054 0.119676
0.387018 0.119865
0.385985 0.120060
0.367877 0.124464
0.364949 0.125362
0.353495 0.129426
0.360127 0.126964
0.347922 0.131740
0.338861 0.136014
0.339755 0.135563
0.380862 0.121114
0.381881 0.120893
0.382903 0.120677
0.371821 0.123339
0.366899 0.124758
0.361085 0.126633
0.349768 0.130947
0.365923 0.125057
0.354434 0.129058
0.348843 0.131341
0.340651 0.135117
0.344263 0.133387
0.373810 0.122808
0.377823 0.121808
0.378833 0.121572
0.392226 0.118969
0.396999 0.120334
0.397899 0.120855
0.384955 0.120261
0.383927 0.120466
0.372814 0.123071
0.379846 0.121340
0.398796 0.121381
0.513881 0.178817
0.513641 0.178727
0.512945 0.178460
0.731058 0.383716
0.731440 0.384269
0.731727 0.384685
0.512706 0.178369
0.506160 0.175865
0.506400 0.175956
0.507095 0.176223
0.735741 0.390503
0.736124 0.391056
0.511075 0.177744
0.511771 0.178012
0.512010 0.178102
0.509205 0.177029
0.510836 0.177654
0.510140 0.177387
0.509901 0.177296
0.409318 0.127918
0.500790 0.173810
0.409306 0.127911
0.498680 0.173004
0.498920 0.173094
0.736042 0.398534
0.736070 0.398496
0.504290 0.175150
0.503595 0.174883
0.503355 0.174792
0.505465 0.175598
0.505225 0.175508
0.504530 0.175240
0.660634 0.531121
0.660918 0.530370
0.660989 0.530186
0.672912 0.289250
0.672456 0.288371
0.672406 0.288272
0.112753 0.613523
0.112521 0.613045
0.112319 0.612623
0.112955 0.613946
0.111885 0.611722
0.112087 0.612145
0.638179 0.590213
0.637894 0.590964
0.637824 0.591148
0.111653 0.611244
0.111450 0.610821
0.109048 0.605839
0.108845 0.605416
0.258577 0.795691
0.259354 0.796088
0.258453 0.795627
0.216054 0.762116
0.216715 0.762845
0.216741 0.762873
0.198187 0.742420
0.197527 0.741691
0.198213 0.742447
0.204389 0.749256
0.205049 0.749984
0.205736 0.750741
0.205075 0.750012
0.654901 0.709399
0.656236 0.710571
0.656961 0.711187
0.658295 0.712360
0.652117 0.706993
0.650781 0.705822
0.652841 0.707610
0.654176 0.708782
0.650057 0.705204
0.648721 0.704033
0.669328 0.721922
0.670657 0.723103
0.671392 0.723712
0.672719 0.724896
0.668596 0.721311
0.647998 0.703415
0.646661 0.702244
0.645938 0.701626
0.644602 0.700456
0.619055 0.678276
0.619060 0.678248
0.619168 0.678374
0.619889 0.678995
0.619167 0.677679
0.618474 0.679206
0.610462 0.692025
0.610479 0.691998
0.611077 0.691041
0.609233 0.693993
0.608634 0.694950
0.608618 0.694977
0.608020 0.695934
0.609249 0.693966
0.609847 0.693009
0.609864 0.692982
0.614152 0.686121
0.614169 0.686094
0.614767 0.685137
0.612922 0.688089
0.612939 0.688062
0.613537 0.687105
0.613554 0.687078
0.601238 0.706785
0.601255 0.706759
0.601853 0.705801
0.602468 0.704817
0.601870 0.705775
0.606158 0.698913
0.606175 0.698886
0.606773 0.697929
0.606790 0.697902
0.605560 0.699870
0.605543 0.699897
0.604928 0.700881
0.604945 0.700854
0.602485 0.704791
0.603083 0.703833
0.603100 0.703807
0.603698 0.702849
0.597565 0.712663
0.598164 0.711705
0.598778 0.710721
0.598180 0.711679
0.598795 0.710695
0.599393 0.709737
0.600008 0.708753
0.599410 0.709711
0.600025 0.708727
0.600623 0.707769
0.600640 0.707743
0.620166 0.672276
0.620273 0.671707
0.620089 0.672702
0.619982 0.673271
0.909060 0.474835
0.619904 0.673697
0.619797 0.674266
0.586496 0.730375
0.586480 0.730402
0.595089 0.716625
0.594491 0.717583
0.594474 0.717609
0.593876 0.718567
0.595106 0.716599
0.580330 0.740242
0.579732 0.741199
0.579715 0.741226
0.580347 0.740215
0.579117 0.742183
0.582807 0.736279
0.582790 0.736306
0.581577 0.738247
0.582175 0.737290
0.582192 0.737263
0.292994 0.807226
0.293261 0.807339
0.572336 0.753034
0.571738 0.753992
0.571721 0.754018
0.572353 0.753008
0.627279 0.633879
0.627356 0.633453
0.627463 0.632884
0.627540 0.632457
0.626987 0.635444
0.627094 0.634875
0.627172 0.634448
0.591399 0.722530
0.590801 0.723487
0.590784 0.723514
0.345360 0.758529
0.590186 0.724471
0.591416 0.722503
0.221835 0.801853
0.220438 0.803584
0.220061 0.804057
0.216513 0.808465
0.215116 0.810197
0.236822 0.784562
0.236063 0.784174
0.235955 0.784055
0.236027 0.784219
0.238625 0.785484
0.238749 0.785548
0.239526 0.785945
0.239650 0.786009
0.236946 0.784626
0.237723 0.785023
0.237848 0.785087
0.139900 0.328642
0.139678 0.328935
0.143300 0.324102
0.143889 0.323282
0.145167 0.321449
0.085816 0.516729
0.085961 0.517414
0.086030 0.517734
0.086175 0.518419
0.086244 0.518739
0.086673 0.520750
0.086603 0.520430
0.086459 0.519744
0.086389 0.519425
0.153099 0.309970
0.153218 0.309794
0.153674 0.309137
0.154249 0.308305
0.153793 0.308962
0.150918 0.313124
0.151373 0.312467
0.151948 0.311635
0.151493 0.312292
0.090672 0.539529
0.090742 0.539848
0.086817 0.521435
0.086887 0.521755
0.087032 0.522440
0.087101 0.522760
0.131968 0.339034
0.132357 0.338528
0.132579 0.338235
0.152643 0.310627
0.152068 0.311459
0.152524 0.310802
0.146197 0.319960
0.145742 0.320617
0.145622 0.320792
0.090099 0.536833
0.090244 0.537518
0.094527 0.557622
0.094597 0.557942
0.094741 0.558627
0.165751 0.291654
0.165295 0.292311
0.165176 0.292487
0.097525 0.571695
0.097381 0.571010
0.097166 0.570004
0.097311 0.570690
0.164720 0.293144
0.097097 0.569685
0.096952 0.568999
0.096883 0.568680
0.096455 0.566669
0.096310 0.565984
0.096240 0.565664
0.095598 0.562648
0.095453 0.561963
0.095384 0.561643
0.099025 0.578732
0.098880 0.578046
0.098810 0.577726
0.172077 0.282496
0.119766 0.355022
0.120155 0.354516
0.120376 0.354222
0.119545 0.355315
0.120765 0.353716
0.161845 0.297306
0.162300 0.296649
0.162420 0.296474
0.161725 0.297482
0.160695 0.298971
0.161150 0.298314
0.161270 0.298139
0.124037 0.349426
0.113665 0.363016
0.113444 0.363309
0.113055 0.363815
0.112445 0.364615
0.112833 0.364109
0.114664 0.361710
0.114275 0.362216
0.114054 0.362510
0.078963 0.484562
0.078894 0.484243
0.078749 0.483557
0.108784 0.369411
0.108563 0.369704
0.109173 0.368905
0.089457 0.533817
0.089387 0.533497
0.089243 0.532812
0.089173 0.532492
0.099881 0.582752
0.099950 0.583072
0.092386 0.547570
0.092241 0.546885
0.092171 0.546565
0.089602 0.534503
0.089671 0.534822
0.087674 0.525456
0.087529 0.524770
0.085747 0.516409
0.085602 0.515723
0.132967 0.337728
0.085532 0.515404
0.085388 0.514718
0.085318 0.514399
0.082748 0.502336
0.082818 0.502656
0.082604 0.501651
0.124426 0.348920
0.124647 0.348627
0.125036 0.348121
0.125257 0.347827
0.082175 0.499640
0.082106 0.499321
0.081961 0.498635
0.081747 0.497630
0.081892 0.498315
0.084317 0.509692
0.084462 0.510378
0.084531 0.510697
0.130138 0.341432
0.129917 0.341725
0.084676 0.511383
0.156549 0.304974
0.156669 0.304799
0.157124 0.304142
0.157699 0.303309
0.157244 0.303967
0.154368 0.308129
0.154824 0.307472
0.154944 0.307297
0.155399 0.306640
0.127698 0.344630
0.128086 0.344124
0.128308 0.343830
0.083460 0.505671
0.083605 0.506357
0.083675 0.506677
0.127476 0.344923
0.083819 0.507362
0.083889 0.507682
0.083391 0.505352
0.083246 0.504666
0.127087 0.345429
0.129307 0.342525
0.128918 0.343031
0.128696 0.343324
0.129528 0.342232
0.084033 0.508367
0.084103 0.508687
0.084248 0.509373
0.155519 0.306464
0.155974 0.305807
0.156094 0.305632
0.157819 0.303134
0.158274 0.302477
0.158394 0.302301
0.083177 0.504347
0.083032 0.503661
0.082963 0.503341
0.077201 0.423939
0.213565 0.225129
0.213892 0.224742
0.213223 0.225528
0.212895 0.225915
0.084801 0.403984
0.085252 0.403088
0.087138 0.399552
0.086654 0.400429
0.084358 0.404885
0.199227 0.243193
0.199810 0.242364
0.200398 0.241538
0.200993 0.240715
0.201593 0.239895
0.202811 0.238262
0.202684 0.238433
0.203423 0.237448
0.208539 0.231037
0.209205 0.230249
0.207878 0.231828
0.209548 0.229849
0.204042 0.236636
0.204666 0.235828
0.205296 0.235022
0.205933 0.234219
0.086179 0.401310
0.209875 0.229462
0.210217 0.229062
0.079675 0.416081
0.079337 0.417046
0.080021 0.415121
0.188874 0.258178
0.189330 0.257521
0.189449 0.257345
0.094160 0.388608
0.188755 0.258353
0.094756 0.387800
0.187029 0.260851
0.187149 0.260675
0.187604 0.260018
0.181973 0.268168
0.182429 0.267511
0.182548 0.267336
0.100242 0.380602
0.100631 0.380097
0.100853 0.379803
0.101463 0.379004
0.101241 0.379297
0.116494 0.359312
0.117104 0.358513
0.116716 0.359019
0.079108 0.485248
0.079177 0.485567
0.079606 0.487578
0.079536 0.487258
0.079391 0.486573
0.079322 0.486253
0.079750 0.488263
0.079820 0.488583
0.080248 0.490593
0.080179 0.490274
0.080034 0.489588
0.079964 0.489269
0.072880 0.449551
0.072805 0.450522
0.072564 0.454526
0.072571 0.454391
0.072683 0.455092
0.072753 0.455411
0.095750 0.386492
0.095972 0.386198
0.096360 0.385692
0.072897 0.456097
0.096582 0.385399
0.096971 0.384893
0.097192 0.384599
0.098412 0.383001
0.185424 0.263173
0.185879 0.262516
0.076752 0.474191
0.076607 0.473505
0.076822 0.474510
0.076538 0.473185
0.076393 0.472500
0.100021 0.380896
0.099632 0.381402
0.075253 0.467154
0.075323 0.467474
0.075108 0.466469
0.103293 0.376606
0.103682 0.376100
0.103903 0.375806
0.074610 0.464139
0.074466 0.463453
0.074680 0.464458
0.101851 0.378498
0.102073 0.378204
0.106122 0.372902
0.105733 0.373408
0.105512 0.373701
0.105123 0.374207
0.075895 0.470170
0.075965 0.470489
0.075751 0.469484
0.224605 0.212154
0.224947 0.211754
0.225274 0.211367
0.073403 0.443865
0.225616 0.210967
0.121003 0.630639
0.120771 0.630161
0.120568 0.629739
0.121205 0.631062
0.121437 0.631540
0.180371 0.722779
0.180346 0.722751
0.124910 0.638747
0.125113 0.639170
0.125344 0.639648
0.125779 0.640549
0.125547 0.640071
0.116429 0.621153
0.116661 0.621631
0.117095 0.622532
0.116863 0.622054
0.173484 0.715186
0.173034 0.714690
0.173509 0.715214
0.172831 0.714446
0.172437 0.713980
0.172168 0.713657
0.170676 0.715956
0.174170 0.715942
0.176254 0.718240
0.176915 0.718968
0.176940 0.718996
0.125981 0.640972
0.126213 0.641450
0.126647 0.642350
0.126415 0.641872
0.176228 0.718212
0.127718 0.644575
0.127515 0.644152
0.127950 0.645053
0.174195 0.715970
0.174856 0.716699
0.128152 0.645476
0.128384 0.645954
0.128818 0.646855
0.128586 0.646377
0.149676 0.685041
0.149114 0.684203
0.148557 0.683362
0.151967 0.688373
0.151388 0.687544
0.150813 0.686712
0.154932 0.692489
0.154330 0.691670
0.153732 0.690849
0.159907 0.698960
0.159269 0.698159
0.160549 0.699759
0.148005 0.682520
0.146819 0.680680
0.146913 0.680827
0.147456 0.681675
0.152551 0.689201
0.153140 0.690026
0.150242 0.685878
0.161196 0.700556
0.155538 0.693306
0.156149 0.694120
0.156764 0.694932
0.157384 0.695742
0.158008 0.696550
0.161846 0.701351
0.162502 0.702143
0.163162 0.702934
0.158636 0.697356
0.163555 0.703400
0.137349 0.664355
0.137813 0.665241
0.138280 0.666126
0.140685 0.670515
0.141180 0.671387
0.140195 0.669642
0.143202 0.674850
0.143719 0.675711
0.142690 0.673988
0.142182 0.673123
0.135542 0.660786
0.135987 0.661681
0.136437 0.662575
0.136891 0.663466
0.135101 0.659888
0.146370 0.679980
0.139710 0.668766
0.138752 0.667008
0.134665 0.658989
0.134462 0.658566
0.139229 0.667888
0.145831 0.679130
0.145296 0.678279
0.144766 0.677425
0.141679 0.672256
0.144240 0.676569
0.183116 0.725805
0.183777 0.726533
0.183802 0.726561
0.183091 0.725777
0.181744 0.724292
0.182404 0.725020
0.182430 0.725048
0.122508 0.633765
0.122739 0.634243
0.122305 0.633342
0.122942 0.634666
0.123173 0.635144
0.103201 0.593705
0.102969 0.593227
0.102767 0.592804
0.103403 0.594128
0.103635 0.594606
0.102535 0.592326
0.102333 0.591903
0.264762 0.798854
0.263985 0.798457
0.263860 0.798393
0.264886 0.798918
0.262058 0.797471
0.262182 0.797535
0.262959 0.797932
0.263083 0.797996
0.626776 0.603427
0.629675 0.604026
0.632244 0.604572
0.269268 0.801160
0.268491 0.800763
0.268367 0.800698
0.269392 0.801224
0.624207 0.602880
0.276430 0.802650
0.275658 0.802576
0.275272 0.802542
0.564341 0.765826
0.564359 0.765800
0.564956 0.764842
0.564974 0.764816
0.561284 0.770720
0.561882 0.769763
0.561267 0.770747
0.318266 0.818034
0.319388 0.818516
0.319655 0.818628
0.577272 0.745136
0.577255 0.745162
0.577870 0.744178
0.576657 0.746120
0.576640 0.746146
0.577887 0.744151
0.301596 0.810904
0.302718 0.811386
0.302985 0.811498
0.568646 0.758938
0.568048 0.759896
0.304374 0.812092
0.304107 0.811980
0.568663 0.758912
0.569261 0.757954
0.569278 0.757928
0.569876 0.756970
0.311320 0.815063
0.311053 0.814951
0.309931 0.814469
0.308541 0.813875
0.309664 0.814356
0.312442 0.815545
0.312709 0.815657
0.563111 0.767794
0.563129 0.767768
0.563726 0.766810
0.563744 0.766784
0.566203 0.762848
0.566801 0.761890
0.566818 0.761864
0.574198 0.750056
0.574796 0.749098
0.290216 0.806038
0.289093 0.805557
0.287704 0.804962
0.288827 0.805444
0.348560 0.830994
0.347438 0.830512
0.348827 0.831106
0.547755 0.792369
0.547737 0.792395
0.548352 0.791411
0.579092 0.203766
0.578397 0.203498
0.578157 0.203408
0.579332 0.203856
0.687118 0.316712
0.582050 0.200136
0.584326 0.196349
0.588425 0.189476
0.586147 0.193262
0.596630 0.175722
0.577461 0.203141
0.577222 0.203050
0.527906 0.184183
0.528601 0.184450
0.528841 0.184541
0.397148 0.098788
0.397288 0.097895
0.527666 0.184092
0.397399 0.097162
0.397539 0.096270
0.539126 0.188475
0.539821 0.188743
0.540061 0.188833
0.398543 0.089768
0.398653 0.089034
0.398794 0.088142
0.400300 0.078389
0.400410 0.077656
0.400551 0.076763
0.545671 0.190979
0.546366 0.191246
0.546606 0.191337
0.545431 0.190889
0.547541 0.191694
0.547301 0.191604
0.402056 0.067010
0.402166 0.066277
0.402307 0.065385
0.594345 0.179508
0.592526 0.182601
0.590245 0.186387
0.411918 0.002819
0.411881 0.003578
0.529776 0.184898
0.530471 0.185166
0.530711 0.185256
0.397900 0.093911
0.398041 0.093019
0.397790 0.094644
0.397650 0.095537
0.529536 0.184808
0.531646 0.185614
0.532341 0.185881
0.532581 0.185971
0.398151 0.092285
0.398292 0.091393
0.531406 0.185523
0.533276 0.186239
0.533516 0.186329
0.398402 0.090660
0.936225 0.330265
0.935614 0.330888
0.937906 0.328122
0.933915 0.332979
0.933349 0.333593
0.929377 0.338354
0.928833 0.338968
0.931090 0.336283
0.927118 0.341035
0.926578 0.341650
0.931641 0.335670
0.931468 0.410697
0.930538 0.410579
0.929935 0.410508
0.623591 0.653788
0.623669 0.653362
0.621379 0.665734
0.621456 0.665307
0.621563 0.664738
0.621308 0.602281
0.267465 0.800237
0.266688 0.799841
0.267590 0.800302
0.220858 0.767412
0.221519 0.768140
0.221544 0.768168
0.208506 0.753795
0.208480 0.753767
0.829738 0.401440
0.829035 0.401390
0.630490 0.616530
0.630597 0.615961
0.630675 0.615535
0.282221 0.803189
0.282607 0.803224
0.283380 0.803297
0.283766 0.803332
0.629307 0.622929
0.629384 0.622503
0.629491 0.621934
0.629675 0.620938
0.629568 0.621507
0.628647 0.626485
0.628753 0.625916
0.629122 0.623925
0.629015 0.624494
0.628938 0.624920
0.629200 0.623498
0.628831 0.625489
0.824807 0.401083
0.825510 0.401133
0.825864 0.401160
0.826567 0.401209
0.826921 0.401236
0.589862 0.209423
0.589495 0.209225
0.595233 0.212293
0.594866 0.212095
0.597023 0.213250
0.597552 0.213530
0.597919 0.213728
0.629753 0.620512
0.629860 0.619943
0.629937 0.619516
0.893302 0.381200
0.892774 0.381820
0.891049 0.383877
0.897809 0.375846
0.899534 0.373789
0.901787 0.371111
0.900062 0.373169
0.902316 0.370492
0.904040 0.368434
0.881508 0.395206
0.882035 0.394585
0.883761 0.392529
0.884289 0.391909
0.879782 0.397262
0.879255 0.397883
0.890723 0.441622
0.890889 0.441918
0.892760 0.445312
0.888852 0.438229
0.888685 0.437932
0.349515 0.755485
0.347999 0.756604
0.346877 0.757411
0.609556 0.219948
0.610085 0.220228
0.610452 0.220426
0.668867 0.281432
0.668412 0.280553
0.668917 0.281530
0.613643 0.222171
0.612760 0.221677
0.671951 0.287394
0.671901 0.287295
0.670940 0.285439
0.671395 0.286318
0.671445 0.286417
0.648127 0.564031
0.647843 0.564783
0.648198 0.563848
0.224277 0.212541
0.223935 0.212940
0.223608 0.213327
0.659142 0.535045
0.658857 0.535796
0.658786 0.535980
0.724719 0.414085
0.724747 0.414047
0.725474 0.413048
0.725502 0.413010
0.726229 0.412011
0.726256 0.411973
0.667740 0.512420
0.667669 0.512604
0.668024 0.511669
0.727739 0.409938
0.727766 0.409900
0.727011 0.410937
0.726984 0.410975
0.663831 0.522706
0.664116 0.521954
0.664187 0.521771
0.728494 0.408901
0.728521 0.408863
0.729248 0.407865
0.663761 0.522889
0.729276 0.407826
0.730003 0.406828
0.664471 0.521019
0.663405 0.523824
0.663476 0.523641
0.663121 0.524576
0.730758 0.405791
0.730031 0.406790
0.730786 0.405753
0.720972 0.419230
0.720945 0.419269
0.720218 0.420267
0.721700 0.418232
0.720190 0.420305
0.670205 0.506079
0.716509 0.425448
0.715788 0.426483
0.715158 0.427394
0.672570 0.500563
0.673823 0.497834
0.674252 0.496929
0.713650 0.429587
0.676935 0.491543
0.676475 0.492436
0.709544 0.435787
0.710212 0.434755
0.675570 0.494226
0.676020 0.493330
0.710886 0.433722
0.663634 0.271887
0.663084 0.270965
0.662530 0.270051
0.661971 0.269142
0.661407 0.268239
0.521121 0.181589
0.520426 0.181321
0.520186 0.181231
0.726374 0.376929
0.519491 0.180964
0.727426 0.378451
0.727043 0.377898
0.726757 0.377482
0.656299 0.542525
0.656015 0.543277
0.655944 0.543460
0.230972 0.204673
0.230630 0.205073
0.802611 0.399472
0.803314 0.399522
0.803668 0.399549
0.804371 0.399599
0.804725 0.399626
0.790984 0.398629
0.791687 0.398679
0.792041 0.398706
0.641732 0.580862
0.641803 0.580678
0.642087 0.579927
0.721690 0.370142
0.722073 0.370695
0.722359 0.371112
0.721404 0.369725
0.704962 0.345903
0.705345 0.346456
0.680040 0.303030
0.680495 0.303909
0.680546 0.304007
0.679990 0.302931
0.679535 0.302053
0.679484 0.301954
0.195200 0.249020
0.195081 0.249195
0.195656 0.248363
0.074646 0.435258
0.219918 0.217661
0.220260 0.217261
0.090749 0.393556
0.090208 0.394398
0.089676 0.395244
0.193475 0.251518
0.319960 0.146948
0.319815 0.147038
0.319110 0.147477
0.318259 0.148006
0.318965 0.147566
0.318114 0.148095
0.317409 0.148535
0.417152 0.132858
0.416292 0.132316
0.416280 0.132308
0.313861 0.150739
0.313156 0.151178
0.306205 0.155498
0.305500 0.155937
0.304650 0.156466
0.305355 0.156027
0.304504 0.156556
0.303799 0.156995
0.303654 0.157084
0.307907 0.154440
0.308052 0.154351
0.436329 0.144951
0.435469 0.144409
0.435458 0.144401
0.295148 0.162372
0.294442 0.162811
0.452232 0.154202
0.453134 0.154659
0.278136 0.172947
0.278281 0.172858
0.438085 0.146058
0.438944 0.146600
0.438956 0.146607
0.469000 0.161648
0.469695 0.161915
0.438073 0.146050
0.299546 0.159639
0.300251 0.159199
0.300397 0.159110
0.299401 0.159728
0.301952 0.158142
0.301247 0.158581
0.301102 0.158671
0.519251 0.180873
0.518556 0.180606
0.518316 0.180515
0.500550 0.173719
0.499855 0.173452
0.499615 0.173362
0.107977 0.603614
0.108179 0.604037
0.108411 0.604515
0.108614 0.604938
0.566582 0.590824
0.569492 0.591405
0.564007 0.590252
0.119700 0.627937
0.119468 0.627459
0.119266 0.627036
0.118397 0.625234
0.118166 0.624756
0.117963 0.624334
0.599431 0.597699
0.602331 0.598294
0.604901 0.598844
0.629464 0.687317
0.628126 0.686149
0.630185 0.687937
0.634304 0.691514
0.633583 0.690894
0.632245 0.689725
0.631523 0.689105
0.637701 0.694471
0.636364 0.693302
0.638423 0.695091
0.639760 0.696260
0.640483 0.696879
0.635642 0.692683
0.643879 0.699837
0.642542 0.698668
0.641820 0.698048
0.627405 0.685528
0.626067 0.684360
0.615399 0.684126
0.615997 0.683169
0.615382 0.684153
0.614784 0.685110
0.616014 0.683142
0.612307 0.689073
0.611709 0.690030
0.611692 0.690057
0.612324 0.689046
0.611094 0.691014
0.603715 0.702823
0.604313 0.701865
0.604330 0.701839
0.619720 0.674693
0.619613 0.675262
0.619535 0.675688
0.585267 0.732343
0.585865 0.731386
0.585882 0.731359
0.588939 0.726466
0.588341 0.727423
0.588324 0.727450
0.588956 0.726439
0.587726 0.728407
0.334805 0.766229
0.333685 0.767038
0.332166 0.768154
0.296039 0.808527
0.295773 0.808415
0.294650 0.807933
0.294383 0.807820
0.326889 0.772004
0.325770 0.772814
0.324251 0.773929
0.331046 0.768963
0.329528 0.770079
0.328408 0.770889
0.628093 0.629471
0.628200 0.628902
0.628278 0.628475
0.317855 0.778589
0.316336 0.779704
0.315217 0.780514
0.318974 0.777779
0.313698 0.781629
0.338961 0.763187
0.337443 0.764304
0.336323 0.765113
0.214738 0.810669
0.213342 0.812401
0.212964 0.812874
0.139290 0.329441
0.139068 0.329735
0.148042 0.317287
0.148498 0.316630
0.147923 0.317462
0.148617 0.316454
0.090886 0.540534
0.090956 0.540854
0.091101 0.541539
0.100095 0.583758
0.100165 0.584077
0.089816 0.535508
0.089885 0.535828
0.090030 0.536513
0.082534 0.501331
0.082390 0.500645
0.082320 0.500326
0.087629 0.398681
0.088129 0.397814
0.195776 0.248188
0.196806 0.246698
0.196351 0.247355
0.196231 0.247530
0.196926 0.246522
0.198076 0.244857
0.198531 0.244200
0.198651 0.244025
0.202199 0.239077
0.085712 0.402196
0.197956 0.245033
0.197501 0.245690
0.197381 0.245865
0.210544 0.228675
0.210887 0.228276
0.211214 0.227889
0.211556 0.227489
0.079008 0.418016
0.078687 0.418991
0.078068 0.420955
0.078373 0.419970
0.077771 0.421945
0.081871 0.410394
0.082265 0.409464
0.081485 0.411330
0.081107 0.412270
0.080375 0.414166
0.080737 0.413215
0.187724 0.259843
0.188180 0.259186
0.188299 0.259010
0.095361 0.386998
0.111224 0.366213
0.111613 0.365707
0.111003 0.366507
0.080393 0.491279
0.080462 0.491599
0.072656 0.452773
0.072726 0.451645
0.072594 0.453905
0.185999 0.262340
0.186454 0.261683
0.186574 0.261508
0.197272 0.163344
0.198074 0.164095
0.199650 0.165608
0.076324 0.472180
0.076179 0.471495
0.076109 0.471175
0.074038 0.461443
0.074182 0.462128
0.074252 0.462448
0.074396 0.463133
0.073823 0.460437
0.073968 0.461123
0.099411 0.381695
0.099022 0.382201
0.098801 0.382495
0.073540 0.459113
0.073609 0.459432
0.073754 0.460118
0.104902 0.374501
0.104513 0.375007
0.104292 0.375300
0.075537 0.468479
0.075467 0.468159
0.075681 0.469165
0.103072 0.376899
0.102683 0.377405
0.102462 0.377698
0.074825 0.465144
0.074894 0.465463
0.075039 0.466149
0.225944 0.210580
0.226286 0.210180
0.226613 0.209793
0.073284 0.444963
0.124042 0.636945
0.123810 0.636467
0.123608 0.636045
0.123376 0.635567
0.119902 0.628360
0.120134 0.628838
0.120337 0.629261
0.121639 0.631963
0.121871 0.632441
0.122073 0.632864
0.178999 0.721266
0.179659 0.721994
0.179685 0.722022
0.124476 0.637846
0.124244 0.637368
0.124678 0.638269
0.170450 0.711613
0.170180 0.711290
0.170843 0.712079
0.174882 0.716727
0.175542 0.717455
0.175568 0.717483
0.126849 0.642773
0.127081 0.643251
0.127284 0.643674
0.166205 0.706556
0.165812 0.706090
0.165543 0.705767
0.132928 0.655385
0.132726 0.654962
0.133160 0.655863
0.166475 0.706879
0.166868 0.707345
0.133362 0.656286
0.133594 0.656764
0.130989 0.651359
0.130757 0.650881
0.130555 0.650458
0.169787 0.710824
0.169518 0.710501
0.130323 0.649980
0.130120 0.649557
0.169125 0.710035
0.168855 0.709712
0.131191 0.651782
0.131423 0.652260
0.132494 0.654484
0.132291 0.654061
0.168193 0.708923
0.167800 0.708457
0.167530 0.708134
0.131625 0.652683
0.131857 0.653161
0.168462 0.709246
0.132060 0.653583
0.167137 0.707668
0.129454 0.648178
0.129686 0.648656
0.129252 0.647756
0.129020 0.647278
0.129889 0.649079
0.171506 0.712868
0.171112 0.712402
0.171775 0.713191
0.103838 0.595029
0.104069 0.595507
0.588489 0.595407
0.591391 0.596000
0.593961 0.596553
0.596862 0.597147
0.352994 0.832888
0.354117 0.833370
0.354384 0.833482
0.545892 0.795347
0.545296 0.796305
0.545277 0.796331
0.545911 0.795321
0.546507 0.794363
0.558807 0.774683
0.558209 0.775640
0.558192 0.775667
0.558824 0.774656
0.559422 0.773699
0.324945 0.820892
0.323822 0.820411
0.325211 0.821005
0.557577 0.776651
0.557594 0.776624
0.326334 0.821487
0.326600 0.821599
0.555117 0.780587
0.555134 0.780561
0.555732 0.779603
0.556979 0.777608
0.556962 0.777635
0.327723 0.822081
0.327990 0.822193
0.560669 0.771704
0.560652 0.771731
0.321044 0.819222
0.322166 0.819704
0.322433 0.819817
0.323556 0.820298
0.559439 0.773672
0.560037 0.772715
0.560054 0.772688
0.320777 0.819110
0.576025 0.747130
0.575428 0.748088
0.575410 0.748114
0.576042 0.747104
0.286049 0.804255
0.286315 0.804368
0.574813 0.749072
0.287438 0.804850
0.305497 0.812574
0.305763 0.812687
0.301329 0.810791
0.300207 0.810310
0.298817 0.809716
0.299940 0.810197
0.570508 0.755960
0.570491 0.755986
0.571106 0.755002
0.569893 0.756944
0.571123 0.754976
0.297162 0.809009
0.297428 0.809122
0.298551 0.809603
0.313832 0.816139
0.314098 0.816252
0.315487 0.816846
0.316610 0.817327
0.316876 0.817440
0.315221 0.816733
0.561899 0.769736
0.562497 0.768779
0.317999 0.817922
0.562514 0.768752
0.350216 0.831700
0.351338 0.832182
0.351605 0.832294
0.349949 0.831588
0.547122 0.793379
0.546526 0.794337
0.352728 0.832776
0.547140 0.793353
0.355506 0.833965
0.355773 0.834077
0.362719 0.837047
0.363841 0.837530
0.364108 0.837642
0.552657 0.784523
0.552060 0.785481
0.552042 0.785507
0.552675 0.784497
0.553272 0.783539
0.340492 0.827541
0.340225 0.827429
0.339103 0.826947
0.551445 0.786465
0.341614 0.828023
0.341881 0.828135
0.338836 0.826834
0.337714 0.826352
0.347171 0.830399
0.346049 0.829917
0.394670 0.850713
0.394403 0.850603
0.393281 0.850119
0.391892 0.849525
0.393013 0.850009
0.376610 0.842989
0.377732 0.843472
0.378000 0.843583
0.376343 0.842878
0.375221 0.842395
0.415513 0.859623
0.415242 0.859521
0.414123 0.859030
0.405785 0.855466
0.405516 0.855358
0.404396 0.854872
0.403006 0.854277
0.404127 0.854763
0.402738 0.854169
0.401617 0.853683
0.400228 0.853089
0.401349 0.853575
0.387724 0.847742
0.388846 0.848226
0.389113 0.848336
0.411680 0.004469
0.411618 0.005216
0.570676 0.200547
0.569981 0.200279
0.569741 0.200189
0.569046 0.199921
0.404675 0.050021
0.404818 0.049129
0.404567 0.050754
0.556891 0.195271
0.556651 0.195181
0.555956 0.194914
0.555716 0.194823
0.555021 0.194556
0.404926 0.048395
0.405069 0.047503
0.534451 0.186687
0.535146 0.186954
0.535386 0.187044
0.398904 0.087409
0.399045 0.086517
0.534211 0.186596
0.400159 0.079281
0.400049 0.080015
0.404315 0.052380
0.404173 0.053272
0.404064 0.054006
0.404424 0.051646
0.403813 0.055631
0.403922 0.054897
0.401053 0.073512
0.401162 0.072779
0.401304 0.071887
0.401555 0.070261
0.401413 0.071153
0.402417 0.064651
0.402558 0.063759
0.401664 0.069528
0.401805 0.068636
0.401915 0.067902
0.540996 0.189191
0.541691 0.189458
0.541931 0.189548
0.540756 0.189100
0.400660 0.076030
0.400802 0.075138
0.400911 0.074404
0.403562 0.057257
0.403420 0.058149
0.403311 0.058882
0.403671 0.056523
0.932071 0.410768
0.933001 0.410887
0.926868 0.410130
0.927471 0.410201
0.928401 0.410319
0.929005 0.410390
0.623960 0.651797
0.623853 0.652366
0.623776 0.652793
0.207820 0.753038
0.207794 0.753010
0.828681 0.401363
0.827978 0.401313
0.827624 0.401286
0.594338 0.211815
0.593971 0.211617
0.588967 0.208944
0.588600 0.208746
0.904569 0.367815
0.906294 0.365756
0.877529 0.399939
0.877002 0.400560
0.870155 0.404373
0.871050 0.404221
0.870350 0.404725
0.874424 0.412105
0.874590 0.412401
0.876462 0.415794
0.892927 0.445608
0.894797 0.449002
0.886814 0.434539
0.886648 0.434242
0.227625 0.208607
0.227283 0.209007
0.226955 0.209394
0.668095 0.511485
0.668380 0.510734
0.668450 0.510550
0.667385 0.513355
0.667314 0.513539
0.667029 0.514290
0.666958 0.514474
0.666674 0.515225
0.665608 0.518030
0.665537 0.518214
0.665253 0.518966
0.665893 0.517279
0.665963 0.517095
0.664542 0.520836
0.806485 0.399753
0.805782 0.399702
0.805428 0.399676
0.572546 0.201262
0.705631 0.346873
0.706014 0.347426
0.193930 0.250860
0.194050 0.250685
0.220587 0.216874
0.220930 0.216474
0.221257 0.216087
0.074462 0.436317
0.088636 0.396953
0.089152 0.396096
0.194506 0.250028
0.194625 0.249853
0.320811 0.146420
0.321516 0.145980
0.321662 0.145891
0.320666 0.146509
0.322367 0.145451
0.315707 0.149592
0.316413 0.149153
0.316558 0.149063
0.315562 0.149682
0.317263 0.148624
0.312160 0.151797
0.311454 0.152236
0.312305 0.151707
0.313010 0.151268
0.311309 0.152325
0.310604 0.152765
0.278986 0.172419
0.279132 0.172329
0.450434 0.153268
0.451332 0.153738
0.280687 0.171361
0.279982 0.171800
0.280833 0.171272
0.279837 0.171890
0.272327 0.176559
0.273032 0.176120
0.273177 0.176031
0.273883 0.175591
0.458589 0.157276
0.459505 0.157691
0.107745 0.603136
0.107543 0.602713
0.110582 0.609019
0.110785 0.609442
0.111016 0.609920
0.111219 0.610343
0.109916 0.607640
0.110148 0.608118
0.110350 0.608541
0.555576 0.588531
0.558508 0.589094
0.561090 0.589678
0.552973 0.587920
0.256774 0.794769
0.257551 0.795166
0.256650 0.794705
0.257676 0.795230
0.252268 0.792464
0.252144 0.792400
0.253045 0.792861
0.253169 0.792925
0.253946 0.793322
0.254071 0.793386
0.254848 0.793783
0.254972 0.793847
0.255749 0.794244
0.255873 0.794308
0.549985 0.587382
0.249440 0.791017
0.248663 0.790620
0.248539 0.790556
0.547249 0.586670
0.247762 0.790159
0.247637 0.790095
0.246860 0.789698
0.246736 0.789634
0.245959 0.789237
0.245835 0.789172
0.245058 0.788776
0.244934 0.788711
0.244156 0.788314
0.244032 0.788250
0.243255 0.787853
0.243131 0.787789
0.242354 0.787392
0.118600 0.625657
0.118832 0.626135
0.119034 0.626558
0.117297 0.622955
0.117529 0.623433
0.117731 0.623856
0.618738 0.601734
0.615839 0.601136
0.623286 0.681951
0.621948 0.680783
0.624007 0.682572
0.625346 0.683740
0.621227 0.680163
0.323132 0.774739
0.321613 0.775854
0.320494 0.776664
0.312579 0.782439
0.311060 0.783554
0.309941 0.784364
0.308422 0.785479
0.146317 0.319784
0.146773 0.319127
0.133189 0.337435
0.133577 0.336929
0.135019 0.335037
0.135408 0.334531
0.135629 0.334238
0.134798 0.335330
0.136018 0.333732
0.172196 0.282321
0.172652 0.281664
0.112223 0.364908
0.111835 0.365414
0.100309 0.584763
0.100379 0.585082
0.211883 0.227102
0.212226 0.226702
0.212553 0.226315
0.077482 0.422939
0.083078 0.407617
0.082668 0.408538
0.077036 0.475515
0.077180 0.476201
0.077250 0.476521
0.076966 0.475196
0.077464 0.477526
0.077609 0.478211
0.077678 0.478531
0.077394 0.477206
0.077823 0.479217
0.077892 0.479536
0.080607 0.492284
0.080676 0.492604
0.185375 0.152021
0.186182 0.152769
0.187756 0.154286
0.200452 0.166360
0.202028 0.167872
0.070940 0.454051
0.070880 0.454033
0.164880 0.704978
0.164487 0.704512
0.164218 0.704189
0.134028 0.657665
0.133796 0.657187
0.165149 0.705301
0.134231 0.658088
0.163824 0.703723
0.271736 0.810132
0.271834 0.811621
0.271907 0.812823
0.272762 0.826280
0.272860 0.827769
0.272933 0.828971
0.271492 0.806238
0.271395 0.804749
0.271565 0.807440
0.274470 0.853194
0.274398 0.851992
0.274300 0.850503
0.271663 0.808929
0.274129 0.847812
0.274227 0.849301
0.273958 0.845120
0.273885 0.843918
0.273787 0.842429
0.273445 0.837046
0.273372 0.835843
0.273274 0.834354
0.274983 0.861269
0.274911 0.860067
0.274812 0.858578
0.275495 0.869344
0.275596 0.870833
0.275666 0.872035
0.276691 0.888186
0.276793 0.889675
0.276862 0.890878
0.277032 0.893570
0.277136 0.895059
0.277203 0.896262
0.274056 0.846609
0.273543 0.838535
0.273616 0.839737
0.273103 0.831663
0.273031 0.830461
0.275154 0.863961
0.275253 0.865450
0.275325 0.866652
0.274641 0.855886
0.274740 0.857375
0.275837 0.874727
0.275938 0.876216
0.276008 0.877419
0.261281 0.797074
0.249564 0.791081
0.251367 0.792003
0.259478 0.796152
0.260255 0.796549
0.260379 0.796613
0.276451 0.884291
0.276349 0.882802
0.276520 0.885494
0.277374 0.898954
0.277478 0.900443
0.277544 0.901646
0.273202 0.833152
0.275082 0.862758
0.276179 0.880110
0.276109 0.878908
0.277715 0.904339
0.277821 0.905828
0.277885 0.907032
0.276622 0.886983
0.277307 0.897751
0.273714 0.841226
0.275767 0.873525
0.278856 0.921995
0.278903 0.923203
0.278734 0.920504
0.278565 0.917808
0.278509 0.916602
0.278396 0.915113
0.278055 0.909725
0.278165 0.911214
0.278226 0.912419
0.279233 0.928622
0.279396 0.930126
0.279383 0.931376
0.271321 0.803547
0.276965 0.892367
0.275424 0.868141
0.278682 0.919298
0.277993 0.908521
0.274569 0.854684
0.278337 0.913908
0.279070 0.925907
0.279209 0.927402
0.277650 0.903136
0.272689 0.825078
0.272591 0.823589
0.261156 0.797010
0.279031 0.924695
0.276280 0.881600
0.279622 0.932935
0.272518 0.822386
0.272420 0.820897
0.272249 0.818206
0.272347 0.819695
0.540992 0.803195
0.541586 0.802235
0.540971 0.803219
0.539762 0.805164
0.540355 0.804203
0.539739 0.805187
0.365230 0.838124
0.365497 0.838236
0.540377 0.804179
0.361063 0.836341
0.359940 0.835859
0.361329 0.836453
0.362452 0.836936
0.541606 0.802210
0.542202 0.801251
0.542817 0.800267
0.542221 0.801226
0.553290 0.783513
0.553887 0.782555
0.337447 0.826240
0.336325 0.825758
0.556347 0.778619
0.555749 0.779576
0.331890 0.823863
0.332157 0.823976
0.330768 0.823382
0.556364 0.778592
0.308275 0.813762
0.307152 0.813281
0.306886 0.813168
0.544681 0.797290
0.544662 0.797315
0.356895 0.834559
0.357162 0.834671
0.548370 0.791385
0.548967 0.790427
0.549582 0.789443
0.548985 0.790401
0.550197 0.788459
0.549600 0.789417
0.550215 0.788433
0.379122 0.844066
0.379389 0.844177
0.374954 0.842284
0.373832 0.841801
0.413853 0.858926
0.412733 0.858436
0.419686 0.861404
0.420802 0.861904
0.421079 0.861997
0.419411 0.861307
0.418295 0.860811
0.397449 0.851901
0.397181 0.851792
0.396060 0.851307
0.395792 0.851197
0.399959 0.852980
0.398838 0.852495
0.398570 0.852386
0.391624 0.849414
0.390503 0.848930
0.390235 0.848820
0.387457 0.847632
0.386335 0.847148
0.410599 0.011733
0.410690 0.010995
0.410852 0.010105
0.411360 0.006848
0.411188 0.007737
0.411105 0.008477
0.411435 0.006105
0.410939 0.009367
0.410440 0.012623
0.410346 0.013360
0.576526 0.202783
0.557826 0.195629
0.558521 0.195896
0.558761 0.195987
0.405320 0.045878
0.405176 0.046769
0.557586 0.195539
0.405427 0.045144
0.405571 0.044252
0.559456 0.196254
0.559696 0.196345
0.537256 0.187760
0.537951 0.188027
0.538191 0.188118
0.399908 0.080907
0.399798 0.081640
0.538886 0.188385
0.399547 0.083266
0.399406 0.084158
0.399296 0.084891
0.536081 0.187312
0.536321 0.187402
0.399155 0.085783
0.537016 0.187669
0.399657 0.082532
0.403060 0.060508
0.402919 0.061400
0.402809 0.062133
0.550346 0.192768
0.550106 0.192677
0.549411 0.192410
0.403169 0.059774
0.402668 0.063025
0.982072 0.416944
0.981143 0.416816
0.980539 0.416754
0.933605 0.410957
0.934535 0.411076
0.936068 0.411265
0.935138 0.411146
0.939135 0.411643
0.938205 0.411525
0.937602 0.411454
0.936672 0.411335
0.939738 0.411714
0.940668 0.411832
0.945268 0.412400
0.945872 0.412470
0.946802 0.412589
0.949868 0.412967
0.950472 0.413037
0.951402 0.413157
0.955072 0.413604
0.956002 0.413724
0.954469 0.413535
0.959069 0.414103
0.958139 0.413982
0.957535 0.413913
0.956606 0.413793
0.961206 0.414360
0.962136 0.414481
0.960602 0.414292
0.959673 0.414171
0.962740 0.414549
0.963669 0.414670
0.207134 0.752282
0.207108 0.752254
0.585919 0.594853
0.572065 0.591970
0.574971 0.592556
0.588071 0.208466
0.587705 0.208268
0.925335 0.409941
0.924405 0.409823
0.923801 0.409752
0.925938 0.410012
0.922871 0.409634
0.922268 0.409562
0.906823 0.365137
0.908547 0.363079
0.875275 0.402616
0.874749 0.403237
0.870516 0.405022
0.872387 0.408415
0.872553 0.408712
0.871126 0.404209
0.872227 0.404023
0.872303 0.404010
0.873403 0.403824
0.876628 0.416091
0.878499 0.419484
0.878665 0.419780
0.880536 0.423173
0.894964 0.449298
0.896835 0.452691
0.884777 0.430849
0.884611 0.430553
0.665182 0.519149
0.664897 0.519901
0.664827 0.520084
0.666603 0.515409
0.666319 0.516160
0.666248 0.516344
0.690796 0.323546
0.691347 0.324521
0.690251 0.322571
0.568806 0.199831
0.691904 0.325496
0.572786 0.201352
0.573482 0.201620
0.689713 0.321595
0.695983 0.332311
0.695381 0.331339
0.562501 0.197418
0.562261 0.197327
0.563196 0.197685
0.695996 0.332331
0.696586 0.333284
0.561326 0.196970
0.561566 0.197060
0.706300 0.347842
0.706683 0.348395
0.549171 0.192319
0.548476 0.192052
0.548236 0.191962
0.551041 0.193035
0.551281 0.193125
0.700977 0.340085
0.701630 0.341055
0.554781 0.194466
0.554086 0.194198
0.677967 0.299022
0.677512 0.298144
0.677462 0.298045
0.678018 0.299121
0.678473 0.300000
0.214904 0.223555
0.214562 0.223955
0.214234 0.224342
0.309608 0.153383
0.308903 0.153822
0.309753 0.153294
0.310458 0.152854
0.308757 0.153912
0.449538 0.152792
0.270626 0.177617
0.271331 0.177178
0.271476 0.177088
0.272181 0.176649
0.461341 0.158511
0.460422 0.158103
0.459964 0.157895
0.270480 0.177706
0.269775 0.178146
0.105806 0.599110
0.106008 0.599533
0.106240 0.600011
0.106674 0.600912
0.106443 0.600434
0.107109 0.601812
0.106877 0.601334
0.107311 0.602235
0.104272 0.595929
0.061234 0.598866
0.058283 0.599522
0.062406 0.598616
0.007525 0.610632
0.008746 0.610419
0.004561 0.611355
0.105574 0.598632
0.065357 0.597961
0.066529 0.597710
0.052987 0.600677
0.050036 0.601333
0.054160 0.600427
0.011698 0.609728
0.012893 0.609502
0.025288 0.606772
0.028238 0.606108
0.029414 0.605865
0.041789 0.603145
0.044739 0.602487
0.045913 0.602239
0.078898 0.594994
0.081849 0.594340
0.083021 0.594088
0.070652 0.596805
0.073603 0.596150
0.074775 0.595899
0.057111 0.599771
0.015843 0.608823
0.017029 0.608590
0.024109 0.607013
0.021159 0.607680
0.033540 0.604958
0.036490 0.604298
0.037664 0.604052
0.099512 0.590466
0.098340 0.590719
0.095389 0.591372
0.102101 0.591425
0.090095 0.592529
0.087144 0.593183
0.091266 0.592277
0.077726 0.595245
0.019979 0.607918
0.040615 0.603392
0.101898 0.591002
0.101667 0.590524
0.094218 0.591624
0.069480 0.597056
0.032364 0.605203
0.101464 0.590101
0.101435 0.590041
0.048863 0.601582
0.085972 0.593435
0.003193 0.611532
0.251242 0.791939
0.250465 0.791542
0.250341 0.791478
0.607801 0.599441
0.610370 0.599990
0.613270 0.600587
0.307303 0.786289
0.305783 0.787404
0.304665 0.788214
0.303145 0.789329
0.138680 0.330241
0.138458 0.330534
0.087246 0.523445
0.087315 0.523765
0.087460 0.524451
0.138070 0.331040
0.137848 0.331333
0.146892 0.318952
0.147348 0.318295
0.147467 0.318119
0.133799 0.336636
0.134187 0.336130
0.134409 0.335836
0.100593 0.586088
0.100524 0.585768
0.172772 0.281488
0.173227 0.280831
0.173347 0.280656
0.173802 0.279999
0.173922 0.279823
0.078321 0.481547
0.078465 0.482232
0.078535 0.482552
0.078679 0.483237
0.078251 0.481227
0.078107 0.480541
0.078037 0.480222
0.080821 0.493289
0.080891 0.493609
0.180613 0.147490
0.181424 0.148235
0.182995 0.149756
0.183803 0.150502
0.179044 0.145967
0.178229 0.145223
0.188561 0.155035
0.190135 0.156551
0.202829 0.168624
0.204407 0.170136
0.067168 0.452947
0.063516 0.451880
0.063456 0.451862
0.067228 0.452966
0.059805 0.450794
0.059744 0.450776
0.272176 0.817004
0.272078 0.815514
0.272005 0.814312
0.368275 0.839424
0.369397 0.839907
0.369665 0.840018
0.333546 0.824570
0.334669 0.825052
0.334935 0.825164
0.336058 0.825646
0.553905 0.782529
0.554502 0.781571
0.554520 0.781545
0.333280 0.824458
0.330501 0.823269
0.329379 0.822787
0.329112 0.822675
0.544047 0.798299
0.543451 0.799258
0.543432 0.799283
0.544066 0.798274
0.358551 0.835265
0.358284 0.835153
0.359673 0.835747
0.542836 0.800242
0.368008 0.839312
0.366886 0.838830
0.366619 0.838718
0.345782 0.829805
0.344659 0.829323
0.373565 0.841689
0.372443 0.841207
0.412463 0.858331
0.411344 0.857842
0.423585 0.863102
0.422474 0.862589
0.422193 0.862502
0.418021 0.860711
0.416904 0.860217
0.416632 0.860116
0.386067 0.847037
0.384946 0.846554
0.383557 0.845960
0.384678 0.846443
0.574417 0.201977
0.573721 0.201710
0.574656 0.202068
0.409189 0.020756
0.409339 0.019865
0.409087 0.021491
0.409439 0.019130
0.409590 0.018239
0.408938 0.022382
0.408836 0.023117
0.563436 0.197775
0.564131 0.198043
0.568111 0.199564
0.989744 0.417895
0.988816 0.417758
0.988209 0.417704
0.979609 0.416627
0.979005 0.416564
0.944338 0.412281
0.943735 0.412211
0.947405 0.412659
0.948335 0.412778
0.948939 0.412848
0.952005 0.413226
0.952935 0.413346
0.953539 0.413415
0.206422 0.751497
0.205761 0.750769
0.206447 0.751525
0.577542 0.593116
0.580446 0.593705
0.583017 0.594262
0.586809 0.207789
0.586281 0.207509
0.587176 0.207987
0.681051 0.304985
0.681506 0.305863
0.681557 0.305962
0.681001 0.304886
0.916738 0.408877
0.917668 0.408995
0.916135 0.408806
0.915205 0.408688
0.914601 0.408617
0.909077 0.362460
0.910801 0.360401
0.873479 0.403812
0.874396 0.403657
0.887001 0.405212
0.886071 0.405096
0.885468 0.405023
0.883935 0.404834
0.884538 0.404906
0.887605 0.405285
0.888535 0.405402
0.894668 0.406158
0.893738 0.406041
0.893135 0.405969
0.908468 0.407860
0.907538 0.407743
0.906935 0.407671
0.909071 0.407932
0.910001 0.408049
0.905401 0.407482
0.906005 0.407554
0.897002 0.452988
0.898872 0.456382
0.882573 0.426863
0.880702 0.423470
0.882740 0.427160
0.693038 0.327445
0.692467 0.326470
0.567871 0.199473
0.693614 0.328419
0.689181 0.320619
0.694786 0.330366
0.694197 0.329392
0.697809 0.335229
0.697194 0.334256
0.698430 0.336200
0.560391 0.196612
0.560631 0.196702
0.699057 0.337172
0.702955 0.342995
0.551976 0.193393
0.552216 0.193483
0.676501 0.296189
0.676956 0.297068
0.677007 0.297166
0.679029 0.301075
0.678523 0.300098
0.678979 0.300977
0.592547 0.210858
0.593076 0.211138
0.593443 0.211336
0.445089 0.150319
0.444205 0.149806
0.443323 0.149287
0.442443 0.148762
0.439816 0.147150
0.440690 0.147693
0.447752 0.151821
0.448644 0.152310
0.446862 0.151327
0.441565 0.148231
0.445974 0.150826
0.462261 0.158913
0.105372 0.598209
0.105140 0.597731
0.302027 0.790139
0.300507 0.791254
0.299389 0.792064
0.297869 0.793178
0.137459 0.331839
0.137238 0.332133
0.100738 0.586773
0.100807 0.587093
0.174377 0.279166
0.174497 0.278991
0.081678 0.497310
0.081533 0.496625
0.176662 0.143696
0.175841 0.142954
0.190939 0.157300
0.192514 0.158815
0.237452 0.198239
0.238157 0.197800
0.238303 0.197710
0.237307 0.198328
0.236601 0.198768
0.228185 0.192775
0.226606 0.191265
0.225808 0.190511
0.224229 0.189001
0.223430 0.188247
0.048608 0.447518
0.044957 0.446451
0.044897 0.446432
0.232941 0.197303
0.231362 0.195793
0.230563 0.195039
0.041245 0.445365
0.041185 0.445346
0.228984 0.193529
0.030048 0.442089
0.026397 0.441022
0.026336 0.441002
0.037533 0.444279
0.037473 0.444260
0.022684 0.439936
0.022624 0.439916
0.015198 0.437743
0.015259 0.437764
0.018911 0.438830
0.018972 0.438850
0.537923 0.808126
0.538499 0.807155
0.538534 0.807135
0.539122 0.806171
0.539148 0.806149
0.344393 0.829211
0.343270 0.828729
0.343004 0.828617
0.372176 0.841095
0.371054 0.840612
0.370787 0.840501
0.380778 0.844771
0.381900 0.845255
0.382167 0.845366
0.380511 0.844660
0.383289 0.845849
0.409940 0.015877
0.410094 0.014986
0.409842 0.016613
0.409690 0.017504
0.410190 0.014250
0.576287 0.202693
0.575591 0.202425
0.575352 0.202335
0.408333 0.026369
0.408437 0.025634
0.408585 0.024743
0.408687 0.024008
0.564371 0.198133
0.565066 0.198400
0.566001 0.198758
0.565306 0.198491
0.407183 0.033764
0.407328 0.032872
0.407077 0.034498
0.408186 0.027260
0.408082 0.027995
0.566241 0.198848
0.566936 0.199116
0.567176 0.199206
0.407580 0.031247
0.407434 0.032138
0.406073 0.041001
0.405929 0.041892
0.405822 0.042626
0.406180 0.040267
0.406324 0.039375
0.405678 0.043518
0.992816 0.418278
0.993426 0.418318
0.994353 0.418472
0.991888 0.418132
0.991279 0.418086
0.990351 0.417945
0.987281 0.417570
0.986675 0.417513
0.978076 0.416438
0.977471 0.416375
0.942805 0.412092
0.942202 0.412022
0.941272 0.411903
0.919805 0.409256
0.920735 0.409373
0.919201 0.409184
0.918271 0.409067
0.921338 0.409445
0.912138 0.408310
0.913068 0.408428
0.911535 0.408239
0.910605 0.408121
0.913671 0.408499
0.911331 0.359783
0.913054 0.357723
0.883005 0.404717
0.882401 0.404645
0.890671 0.405663
0.891601 0.405780
0.890068 0.405591
0.889138 0.405474
0.892205 0.405852
0.895271 0.406230
0.896201 0.406347
0.902938 0.407176
0.903868 0.407293
0.902335 0.407104
0.901405 0.406987
0.900801 0.406915
0.904471 0.407365
0.899040 0.456678
0.900909 0.460072
0.688656 0.319642
0.700331 0.339114
0.699691 0.338143
0.702289 0.342025
0.706969 0.348812
0.553846 0.194108
0.553151 0.193841
0.552911 0.193750
0.284940 0.168717
0.285086 0.168628
0.284235 0.169157
0.285791 0.168188
0.285936 0.168099
0.284090 0.169246
0.283385 0.169685
0.281683 0.170743
0.282389 0.170304
0.282534 0.170214
0.283239 0.169775
0.281538 0.170832
0.268074 0.179203
0.268779 0.178764
0.268924 0.178674
0.269630 0.178235
0.463183 0.159310
0.464108 0.159700
0.465034 0.160084
0.267928 0.179293
0.267223 0.179732
0.467825 0.161198
0.468760 0.161557
0.466893 0.160833
0.465963 0.160461
0.104938 0.597308
0.104706 0.596830
0.104504 0.596407
0.289955 0.798953
0.291475 0.797839
0.292593 0.797028
0.288837 0.799764
0.287316 0.800878
0.286198 0.801689
0.136239 0.333438
0.136628 0.332932
0.136849 0.332639
0.100952 0.587778
0.101021 0.588098
0.174952 0.278334
0.175072 0.278158
0.081105 0.494614
0.081249 0.495300
0.081319 0.495619
0.081463 0.496305
0.081035 0.494295
0.174278 0.141420
0.173446 0.140682
0.193318 0.159565
0.194893 0.161079
0.195696 0.161830
0.239008 0.197271
0.239153 0.197181
0.236456 0.198857
0.235751 0.199296
0.052381 0.448622
0.056032 0.449690
0.052320 0.448604
0.048669 0.447537
0.056093 0.449708
0.235317 0.199566
0.030109 0.442107
0.033761 0.443175
0.033821 0.443193
0.011545 0.436678
0.101166 0.588784
0.101380 0.589789
0.101235 0.589103
0.007829 0.435592
0.011482 0.436655
0.007753 0.435559
0.209163 0.174664
0.207585 0.173153
0.206785 0.172400
0.205207 0.170888
0.408564 0.856654
0.408295 0.856547
0.407175 0.856060
0.406906 0.855952
0.409954 0.857248
0.411074 0.857736
0.409684 0.857141
0.406826 0.036124
0.406681 0.037015
0.406575 0.037749
0.406932 0.035390
0.406431 0.038641
0.407685 0.030512
0.407831 0.029621
0.407935 0.028886
0.994966 0.418503
0.995894 0.418670
0.985746 0.417381
0.985140 0.417323
0.976542 0.416250
0.975937 0.416185
0.913585 0.357105
0.915308 0.355045
0.881471 0.404528
0.880868 0.404456
0.874735 0.403699
0.898338 0.406608
0.899268 0.406725
0.897735 0.406536
0.896805 0.406419
0.899871 0.406797
0.901078 0.460368
0.902947 0.463762
0.687624 0.317689
0.688137 0.318666
0.708022 0.350334
0.707639 0.349782
0.707353 0.349365
0.708691 0.351304
0.708308 0.350751
0.708977 0.351721
0.709360 0.352273
0.709646 0.352690
0.710029 0.353243
0.543561 0.190173
0.542866 0.189906
0.542626 0.189816
0.286642 0.167660
0.286787 0.167570
0.267078 0.179821
0.266373 0.180261
0.296751 0.793989
0.295231 0.795103
0.294113 0.795914
0.175527 0.277501
0.175647 0.277326
0.168497 0.136061
0.169482 0.136817
0.171030 0.138400
0.171889 0.139135
0.209963 0.175417
0.211541 0.176928
0.239858 0.196742
0.240004 0.196653
0.235317 0.199565
0.233739 0.198057
0.235605 0.199386
0.999034 0.419127
0.998086 0.418846
0.997444 0.418876
0.996514 0.418682
0.982677 0.417004
0.983606 0.417133
0.984212 0.417193
0.975008 0.416061
0.974404 0.415996
0.915839 0.354428
0.917561 0.352367
0.877801 0.404078
0.878405 0.404150
0.879335 0.404267
0.879938 0.404339
0.875338 0.403772
0.876268 0.403889
0.876871 0.403961
0.903116 0.464058
0.904984 0.467453
0.710315 0.353660
0.710698 0.354213
0.287492 0.167131
0.287638 0.167042
0.266227 0.180350
0.265522 0.180789
0.176102 0.276669
0.176222 0.276493
0.212341 0.177681
0.213919 0.179192
0.240709 0.196213
0.240854 0.196124
0.973474 0.415872
0.972870 0.415806
0.918094 0.351750
0.919815 0.349689
0.905154 0.467749
0.907022 0.471144
0.907193 0.471440
0.288343 0.166602
0.288488 0.166513
0.265377 0.180879
0.264671 0.181318
0.176678 0.275836
0.176797 0.275661
0.214718 0.179945
0.216297 0.181456
0.241560 0.195684
0.241705 0.195595
0.971941 0.415683
0.971337 0.415617
0.920349 0.349072
0.922069 0.347010
0.710984 0.354629
0.711367 0.355182
0.711653 0.355599
0.712036 0.356152
0.712322 0.356568
0.712705 0.357121
0.289193 0.166073
0.289339 0.165984
0.264526 0.181408
0.263821 0.181847
0.177253 0.275004
0.177372 0.274828
0.217096 0.182209
0.218674 0.183720
0.242410 0.195156
0.242556 0.195066
0.970407 0.415494
0.969803 0.415428
0.922604 0.346393
0.924323 0.344330
0.924860 0.343714
0.712991 0.357538
0.713375 0.358091
0.290044 0.165545
0.290189 0.165455
0.263675 0.181936
0.262970 0.182376
0.177828 0.274171
0.177947 0.273996
0.219474 0.184473
0.221052 0.185984
0.221851 0.186737
0.243261 0.194627
0.243406 0.194537
0.968874 0.415305
0.968270 0.415238
0.713661 0.358507
0.714044 0.359060
0.290895 0.165016
0.291040 0.164926
0.262825 0.182465
0.262119 0.182905
0.178403 0.273339
0.178523 0.273163
0.244111 0.194098
0.244257 0.194009
0.967340 0.415116
0.966736 0.415049
0.714330 0.359477
0.714713 0.360030
0.291745 0.164487
0.291891 0.164398
0.261974 0.182994
0.261269 0.183433
0.178978 0.272506
0.179098 0.272331
0.244962 0.193569
0.245107 0.193480
0.964273 0.414738
0.965203 0.414860
0.965807 0.414927
0.714999 0.360447
0.715382 0.360999
0.292741 0.163869
0.293446 0.163430
0.293592 0.163340
0.292596 0.163958
0.294297 0.162901
0.261124 0.183523
0.260418 0.183962
0.180128 0.270841
0.179673 0.271498
0.179553 0.271674
0.245813 0.193041
0.245958 0.192951
0.715668 0.361416
0.716051 0.361969
0.260273 0.184052
0.259568 0.184491
0.246663 0.192512
0.246809 0.192422
0.716337 0.362386
0.716720 0.362939
0.259422 0.184580
0.258717 0.185020
0.247514 0.191983
0.247659 0.191894
0.717006 0.363355
0.717389 0.363908
0.258572 0.185109
0.257866 0.185548
0.248364 0.191454
0.248510 0.191365
0.717675 0.364325
0.718058 0.364878
0.256871 0.186167
0.257016 0.186077
0.256165 0.186606
0.257721 0.185638
0.256020 0.186695
0.250066 0.190397
0.249360 0.190836
0.249215 0.190926
0.718344 0.365294
0.718727 0.365847
0.719013 0.366264
0.719396 0.366817
0.719683 0.367233
0.720066 0.367786
0.720352 0.368203
0.720735 0.368756
0.721021 0.369172
