0.718880 0.446585
0.717868 0.446333
0.635626 0.405950
0.636107 0.406239
0.635168 0.405673
0.643617 0.410765
0.643137 0.410476
0.642679 0.410199
0.640801 0.409068
0.641259 0.409345
0.640320 0.408779
0.473763 0.517023
0.473927 0.516954
0.472999 0.517348
0.740092 0.451033
0.739083 0.450857
0.737066 0.450496
0.738074 0.450678
0.722925 0.447556
0.721914 0.447318
0.719891 0.446833
0.720903 0.447077
0.723936 0.447789
0.727979 0.448688
0.726969 0.448469
0.733029 0.449729
0.734038 0.449926
0.736057 0.450309
0.735047 0.450119
0.732019 0.449528
0.731009 0.449323
0.728989 0.448903
0.729999 0.449115
0.673822 0.207608
0.675110 0.206364
0.678005 0.203486
0.686380 0.195227
0.687695 0.193984
0.690581 0.191080
0.625299 0.399726
0.625779 0.400015
0.626238 0.400292
0.427528 0.536647
0.427364 0.536715
0.428292 0.536322
0.064672 0.594370
0.064340 0.593059
0.064757 0.594800
0.338310 0.579858
0.338445 0.579770
0.339160 0.579308
0.001239 0.650892
0.001515 0.650771
0.047473 0.649523
0.047243 0.649532
0.046038 0.649563
0.054649 0.649323
0.055854 0.649292
0.056084 0.649283
0.057290 0.649252
0.057519 0.649244
0.058725 0.649212
0.058954 0.649204
0.063260 0.649084
0.064465 0.649052
0.064695 0.649044
0.060390 0.649164
0.061595 0.649132
0.061825 0.649124
0.060160 0.649172
0.063030 0.649092
0.795250 0.455624
0.795342 0.455628
0.796253 0.455662
0.423816 0.538222
0.424580 0.537897
0.423652 0.538291
0.424744 0.537828
0.425508 0.537503
0.472835 0.517417
0.634687 0.405384
0.716856 0.446077
0.715844 0.445818
0.714831 0.445555
0.794248 0.455587
0.793337 0.455554
0.793245 0.455550
0.637045 0.406805
0.636565 0.406516
0.794339 0.455591
0.637504 0.407082
0.637984 0.407370
0.792334 0.455517
0.792243 0.455513
0.641740 0.409633
0.642198 0.409911
0.471143 0.518136
0.471907 0.517810
0.472071 0.517742
0.644076 0.411042
0.470979 0.518204
0.470215 0.518529
0.746139 0.452008
0.747147 0.452158
0.725958 0.448246
0.724947 0.448020
0.756206 0.453343
0.755200 0.453226
0.928149 0.568738
0.928564 0.569556
0.928848 0.570132
0.772281 0.454720
0.771277 0.454661
0.770274 0.454599
0.438664 0.531921
0.438500 0.531989
0.437736 0.532314
0.425672 0.537435
0.426436 0.537109
0.426600 0.537041
0.659111 0.419984
0.660053 0.420521
0.676138 0.429110
0.675188 0.428633
0.674239 0.428152
0.664771 0.423151
0.663827 0.422632
0.865517 0.457471
0.864800 0.458171
0.864380 0.458577
0.865937 0.457065
0.866655 0.456365
0.887546 0.436056
0.888263 0.435356
0.887126 0.436462
0.881859 0.441585
0.882577 0.440885
0.881440 0.441991
0.912147 0.412136
0.911430 0.412836
0.911010 0.413241
0.910292 0.413942
0.909872 0.414347
0.912567 0.411730
0.913284 0.411030
0.914422 0.409924
0.913704 0.410625
0.595864 0.296458
0.595684 0.295537
0.595894 0.296608
0.946266 0.378962
0.946688 0.378559
0.947403 0.377857
0.679298 0.202243
0.682190 0.199360
0.683490 0.198117
0.691931 0.189828
0.694817 0.186884
0.696349 0.185546
0.349971 0.572738
0.349487 0.572988
0.349079 0.573194
0.348187 0.573649
0.347703 0.573898
0.347295 0.574105
0.348595 0.573443
0.806278 0.456033
0.805367 0.456000
0.805276 0.455996
0.804365 0.455963
0.626718 0.400581
0.804273 0.455959
0.803362 0.455926
0.803271 0.455922
0.787230 0.455327
0.787321 0.455331
0.788232 0.455364
0.789235 0.455401
0.788324 0.455368
0.920461 0.553403
0.920177 0.552827
0.919763 0.552009
0.806370 0.456037
0.816395 0.456409
0.817306 0.456442
0.817398 0.456446
0.890410 0.493457
0.890124 0.492882
0.889712 0.492063
0.796344 0.455665
0.885518 0.483699
0.885931 0.484518
0.886217 0.485093
0.885232 0.483124
0.884819 0.482305
0.886630 0.485912
0.886916 0.486487
0.828426 0.456855
0.828334 0.456851
0.827423 0.456818
0.829337 0.456889
0.829428 0.456892
0.836446 0.457153
0.837357 0.457186
0.837449 0.457190
0.833438 0.457041
0.834349 0.457075
0.834441 0.457078
0.884533 0.481730
0.884503 0.481670
0.884373 0.481520
0.884061 0.481162
0.883565 0.480588
0.883254 0.480230
0.836354 0.457149
0.835443 0.457115
0.835352 0.457112
0.838451 0.457227
0.838360 0.457223
0.882758 0.479656
0.882446 0.479299
0.623672 0.257013
0.620770 0.259880
0.619494 0.261128
0.616592 0.263995
0.615316 0.265244
0.596316 0.298750
0.596286 0.298599
0.596105 0.297679
0.596075 0.297529
0.596496 0.299670
0.596526 0.299820
0.599587 0.418078
0.598824 0.418742
0.599949 0.417765
0.369596 0.562719
0.370004 0.562513
0.370488 0.562263
0.065901 0.649012
0.066130 0.649004
0.069001 0.648924
0.068771 0.648932
0.067565 0.648964
0.067336 0.648972
0.077612 0.648685
0.077382 0.648693
0.076176 0.648724
0.074733 0.636540
0.074636 0.636115
0.074318 0.634801
0.337595 0.580320
0.337460 0.580408
0.333210 0.583161
0.333344 0.583072
0.332494 0.583623
0.332360 0.583711
0.331644 0.584173
0.330794 0.584724
0.331510 0.584262
0.330660 0.584812
0.329944 0.585274
0.334060 0.582610
0.334195 0.582522
0.329094 0.585824
0.329810 0.585362
0.334910 0.582060
0.335045 0.581971
0.335760 0.581509
0.335895 0.581421
0.336610 0.580959
0.336745 0.580870
0.346807 0.574356
0.346096 0.574816
0.345840 0.573038
0.064258 0.592629
0.063502 0.589576
0.063844 0.590885
0.063922 0.591318
0.063081 0.587831
0.063431 0.589139
0.068407 0.610029
0.068085 0.608716
0.068501 0.610455
0.066838 0.603498
0.067161 0.604811
0.067254 0.605237
0.066746 0.603071
0.066422 0.601759
0.066006 0.600019
0.066331 0.601332
0.067991 0.608290
0.067670 0.606977
0.067576 0.606550
0.292541 0.609494
0.291696 0.610050
0.077635 0.648684
0.077543 0.648287
0.077226 0.646973
0.079166 0.649656
0.078346 0.649136
0.078303 0.649108
0.079209 0.649683
0.080028 0.650203
0.075947 0.648733
0.074741 0.648764
0.073306 0.648804
0.074512 0.648773
0.070206 0.648893
0.070436 0.648884
0.339295 0.579219
0.340010 0.578757
0.340145 0.578669
0.340861 0.578207
0.340995 0.578118
0.341711 0.577656
0.341845 0.577568
0.342561 0.577106
0.342695 0.577017
0.346811 0.574354
0.714137 0.452635
0.714380 0.446049
0.714405 0.445443
0.042938 0.649652
0.041732 0.649683
0.043167 0.649643
0.045808 0.649572
0.044603 0.649603
0.044373 0.649612
0.051779 0.649403
0.052984 0.649372
0.053214 0.649363
0.054419 0.649332
0.050114 0.649452
0.048908 0.649483
0.050343 0.649443
0.051549 0.649412
0.048678 0.649492
0.023074 0.650201
0.022844 0.650213
0.021639 0.650241
0.024280 0.650173
0.024509 0.650161
0.032891 0.649932
0.033121 0.649922
0.031686 0.649962
0.780212 0.455067
0.779301 0.455033
0.780304 0.455070
0.782217 0.455141
0.782309 0.455145
0.783220 0.455178
0.783311 0.455182
0.646892 0.412740
0.647373 0.413028
0.646434 0.412462
0.775290 0.454874
0.774287 0.454826
0.742108 0.451373
0.743116 0.451537
0.745132 0.451855
0.744124 0.451698
0.946751 0.605808
0.946316 0.604999
0.947014 0.606397
0.949590 0.611403
0.949103 0.610610
0.949791 0.612049
0.948868 0.609999
0.948408 0.609199
0.741100 0.451204
0.631412 0.403410
0.630932 0.403121
0.630474 0.402844
0.631871 0.403687
0.632351 0.403976
0.800354 0.455814
0.800263 0.455810
0.801265 0.455848
0.633290 0.404541
0.633749 0.404819
0.634229 0.405107
0.632810 0.404253
0.797255 0.455699
0.797347 0.455702
0.798258 0.455736
0.568166 0.445439
0.567084 0.446417
0.569257 0.444461
0.570356 0.443483
0.572577 0.441528
0.571463 0.442506
0.470051 0.518598
0.629054 0.401990
0.629535 0.402278
0.629993 0.402555
0.628596 0.401712
0.627177 0.400858
0.627657 0.401147
0.628115 0.401424
0.654405 0.417250
0.655345 0.417804
0.653465 0.416693
0.638443 0.407648
0.639862 0.408502
0.639382 0.408213
0.638923 0.407936
0.791332 0.455479
0.791240 0.455476
0.786319 0.455293
0.786227 0.455290
0.644556 0.411331
0.645953 0.412174
0.645495 0.411897
0.784222 0.455215
0.645015 0.411608
0.647831 0.413305
0.648312 0.413594
0.781215 0.455104
0.781306 0.455108
0.650648 0.415003
0.651128 0.415291
0.650189 0.414726
0.778298 0.454996
0.779210 0.455029
0.778207 0.454992
0.665716 0.423667
0.671395 0.426688
0.670447 0.426193
0.672342 0.427179
0.669500 0.425694
0.469287 0.518923
0.748154 0.452304
0.754194 0.453105
0.753188 0.452981
0.757212 0.453456
0.758218 0.453566
0.760229 0.453775
0.761234 0.453873
0.766258 0.454313
0.765253 0.454232
0.929962 0.572344
0.929546 0.571526
0.930245 0.572921
0.929263 0.570950
0.769270 0.454533
0.768266 0.454463
0.752181 0.452853
0.764249 0.454148
0.763244 0.454060
0.934438 0.581286
0.934855 0.582103
0.935137 0.582680
0.934156 0.580709
0.933739 0.579892
0.762239 0.453969
0.935555 0.583497
0.935836 0.584075
0.434952 0.533496
0.435716 0.533171
0.435880 0.533102
0.434788 0.533565
0.434024 0.533890
0.678038 0.430055
0.677088 0.429584
0.678989 0.430522
0.437572 0.532383
0.436808 0.532708
0.436644 0.532777
0.699048 0.439569
0.700007 0.439963
0.660996 0.421054
0.661939 0.421583
0.673291 0.427667
0.863997 0.458950
0.863338 0.458876
0.605716 0.342127
0.605734 0.342188
0.606020 0.343134
0.889401 0.434250
0.888683 0.434951
0.892813 0.430933
0.892095 0.431633
0.891675 0.432039
0.872341 0.450836
0.872761 0.450431
0.873479 0.449731
0.876890 0.446414
0.876173 0.447113
0.875753 0.447519
0.884852 0.438673
0.885271 0.438268
0.885989 0.437568
0.886409 0.437162
0.882997 0.440479
0.883714 0.439779
0.884134 0.439373
0.880302 0.443096
0.879585 0.443796
0.879165 0.444202
0.880722 0.442691
0.877310 0.446008
0.878028 0.445308
0.878447 0.444902
0.841459 0.457339
0.842370 0.457372
0.842461 0.457376
0.867792 0.455259
0.867074 0.455959
0.398597 0.548925
0.397833 0.549250
0.398761 0.548856
0.399525 0.548531
0.399689 0.548462
0.904186 0.419876
0.903468 0.420576
0.903048 0.420982
0.904606 0.419470
0.905323 0.418770
0.942854 0.382280
0.942138 0.382982
0.941717 0.383386
0.661280 0.219966
0.658381 0.222837
0.657101 0.224083
0.665460 0.215847
0.662562 0.218720
0.929207 0.395549
0.928490 0.396250
0.928069 0.396655
0.931481 0.393338
0.930765 0.394039
0.930344 0.394443
0.929627 0.395145
0.612414 0.268110
0.602783 0.277590
0.599880 0.280456
0.598605 0.281705
0.965601 0.360162
0.964888 0.360867
0.964463 0.361268
0.963750 0.361973
0.963326 0.362374
0.949678 0.375645
0.948963 0.376347
0.948541 0.376751
0.947825 0.377453
0.951953 0.373433
0.951237 0.374136
0.950815 0.374539
0.950100 0.375241
0.809377 0.456149
0.810288 0.456182
0.810380 0.456186
0.808375 0.456111
0.809286 0.456145
0.811382 0.456223
0.812293 0.456257
0.812385 0.456260
0.811291 0.456219
0.620896 0.392449
0.620610 0.391504
0.620592 0.391443
0.620914 0.392510
0.620307 0.390497
0.814390 0.456335
0.815301 0.456368
0.815393 0.456372
0.816304 0.456405
0.814299 0.456331
0.813387 0.456297
0.813296 0.456294
0.802360 0.455888
0.802268 0.455885
0.801357 0.455851
0.789326 0.455405
0.790237 0.455438
0.790329 0.455442
0.916967 0.546432
0.917381 0.547251
0.917666 0.547826
0.918080 0.548645
0.918365 0.549220
0.916268 0.545038
0.916682 0.545856
0.784314 0.455219
0.785225 0.455253
0.785316 0.455256
0.919478 0.551433
0.919064 0.550614
0.918779 0.550039
0.824324 0.456703
0.823413 0.456669
0.824415 0.456706
0.820405 0.456558
0.821316 0.456591
0.821408 0.456595
0.808283 0.456108
0.807372 0.456074
0.807281 0.456071
0.820314 0.456554
0.819403 0.456521
0.894604 0.501821
0.895016 0.502640
0.895302 0.503216
0.819311 0.456517
0.818400 0.456483
0.818309 0.456480
0.889425 0.491488
0.889013 0.490669
0.902291 0.517156
0.902005 0.516581
0.901592 0.515762
0.900195 0.512974
0.899909 0.512399
0.899496 0.511580
0.910677 0.533885
0.911091 0.534704
0.911376 0.535279
0.905785 0.524127
0.906199 0.524945
0.906484 0.525521
0.905087 0.522733
0.905500 0.523551
0.825326 0.456740
0.825418 0.456744
0.830339 0.456926
0.830431 0.456930
0.880022 0.476503
0.879526 0.475929
0.879214 0.475572
0.880830 0.477435
0.880334 0.476861
0.841367 0.457335
0.840456 0.457301
0.881142 0.477793
0.881638 0.478367
0.881950 0.478725
0.877599 0.473708
0.877911 0.474066
0.878407 0.474640
0.878718 0.474998
0.611138 0.269359
0.608236 0.272225
0.606960 0.273475
0.604058 0.276341
0.648743 0.232317
0.645842 0.235186
0.644564 0.236433
0.939442 0.385597
0.938726 0.386299
0.938305 0.386703
0.636207 0.244665
0.633306 0.247533
0.632029 0.248781
0.591365 0.279792
0.591491 0.280124
0.591793 0.280911
0.908735 0.415453
0.908018 0.416153
0.907598 0.416559
0.909155 0.415048
0.603326 0.414833
0.602963 0.415146
0.602200 0.415810
0.390073 0.043611
0.390375 0.043698
0.391264 0.044005
0.612330 0.407016
0.611967 0.407330
0.611204 0.407993
0.622097 0.398536
0.621334 0.399199
0.620971 0.399513
0.622459 0.398222
0.620208 0.400177
0.397669 0.549319
0.396905 0.549644
0.373572 0.560691
0.374057 0.560442
0.374464 0.560235
0.400453 0.548137
0.400617 0.548069
0.070579 0.619150
0.070483 0.618725
0.070163 0.617411
0.069748 0.615672
0.070068 0.616986
0.068822 0.611768
0.068917 0.612194
0.075051 0.637854
0.075149 0.638278
0.075466 0.639593
0.075564 0.640017
0.074220 0.634376
0.073903 0.633062
0.345111 0.575454
0.345246 0.575366
0.345961 0.574904
0.344395 0.575916
0.344144 0.570688
0.340072 0.565142
0.315163 0.530943
0.316908 0.533457
0.321028 0.539008
0.310931 0.525329
0.322732 0.541415
0.326825 0.546960
0.328523 0.549336
0.063021 0.587386
0.062652 0.586079
0.062192 0.584300
0.062621 0.585608
0.322293 0.590228
0.323009 0.589766
0.323144 0.589678
0.322159 0.590317
0.321443 0.590778
0.323859 0.589216
0.323994 0.589127
0.324709 0.588665
0.324844 0.588577
0.293256 0.609032
0.293391 0.608943
0.065590 0.598280
0.065501 0.597852
0.065173 0.596540
0.065916 0.599592
0.065086 0.596111
0.080071 0.650231
0.080891 0.650751
0.077128 0.646548
0.076811 0.645234
0.076395 0.643495
0.076712 0.644809
0.073076 0.648813
0.071871 0.648844
0.071641 0.648853
0.344261 0.576005
0.343545 0.576467
0.343411 0.576555
0.235632 0.658330
0.235609 0.658351
0.234886 0.658995
0.232646 0.660991
0.232622 0.661011
0.231899 0.661656
0.190268 0.690038
0.189289 0.690439
0.705774 0.442255
0.706736 0.442625
0.704812 0.441882
0.188304 0.690834
0.707699 0.442992
0.700967 0.440354
0.196014 0.687484
0.195072 0.687927
0.191241 0.689630
0.702889 0.441125
0.703850 0.441505
0.709626 0.443714
0.708663 0.443355
0.695213 0.437958
0.696171 0.438366
0.697130 0.438770
0.773284 0.454775
0.701928 0.440741
0.749161 0.452447
0.759223 0.453672
0.688176 0.434847
0.688520 0.435004
0.689475 0.435437
0.710591 0.444070
0.711555 0.444423
0.712520 0.444772
0.698088 0.439171
0.776293 0.454918
0.777296 0.454959
0.751175 0.452721
0.692342 0.436713
0.693299 0.437131
0.691386 0.436291
0.694256 0.437546
0.690430 0.435866
0.750168 0.452586
0.767262 0.454390
0.713486 0.445117
0.192208 0.689215
0.229659 0.663651
0.229635 0.663672
0.228912 0.664317
0.227395 0.665668
0.226672 0.666312
0.226648 0.666333
0.157647 0.686969
0.158050 0.687066
0.157072 0.686826
0.225925 0.666977
0.225901 0.666998
0.158625 0.687209
0.159028 0.687306
0.160984 0.687785
0.160582 0.687688
0.160006 0.687545
0.159603 0.687449
0.011590 0.650518
0.012796 0.650495
0.013026 0.650478
0.014462 0.650439
0.015667 0.650414
0.015897 0.650399
0.014232 0.650455
0.017103 0.650374
0.017333 0.650360
0.018768 0.650320
0.019974 0.650293
0.020203 0.650280
0.018538 0.650334
0.021409 0.650253
0.034556 0.649882
0.035762 0.649852
0.035991 0.649842
0.034326 0.649892
0.037197 0.649812
0.037427 0.649802
0.038862 0.649762
0.040067 0.649732
0.040297 0.649723
0.038632 0.649772
0.041503 0.649692
0.031456 0.649972
0.030251 0.650002
0.028815 0.650042
0.030021 0.650013
0.025945 0.650121
0.027150 0.650093
0.027380 0.650081
0.025715 0.650133
0.028586 0.650053
0.921575 0.555615
0.921160 0.554797
0.921859 0.556191
0.922274 0.557009
0.922558 0.557585
0.920876 0.554221
0.923257 0.558979
0.923672 0.559797
0.923956 0.560373
0.922973 0.558403
0.927166 0.566768
0.926751 0.565950
0.927450 0.567344
0.927865 0.568162
0.926467 0.565374
0.926052 0.564556
0.925069 0.562585
0.924655 0.561767
0.925353 0.563162
0.925768 0.563979
0.924370 0.561191
0.948159 0.608601
0.947711 0.607796
0.947454 0.607204
0.798349 0.455740
0.799260 0.455773
0.799352 0.455777
0.908581 0.529703
0.908994 0.530522
0.909280 0.531097
0.528430 0.481772
0.527602 0.482524
0.526774 0.483269
0.525943 0.484009
0.525111 0.484742
0.524277 0.485469
0.523441 0.486191
0.522603 0.486906
0.521764 0.487615
0.520923 0.488318
0.520081 0.489016
0.519237 0.489707
0.518391 0.490392
0.517543 0.491071
0.516694 0.491744
0.515843 0.492411
0.514990 0.493072
0.514135 0.493726
0.513279 0.494375
0.512421 0.495018
0.511562 0.495655
0.510701 0.496285
0.509838 0.496910
0.508973 0.497529
0.508107 0.498141
0.507238 0.498748
0.506369 0.499348
0.505497 0.499942
0.501114 0.502824
0.500232 0.503382
0.499349 0.503934
0.498464 0.504480
0.497577 0.505020
0.496689 0.505554
0.495798 0.506082
0.494907 0.506604
0.494013 0.507119
0.493118 0.507629
0.492221 0.508133
0.491322 0.508631
0.490421 0.509122
0.489519 0.509608
0.488615 0.510087
0.487710 0.510561
0.486803 0.511028
0.485894 0.511490
0.484983 0.511945
0.484071 0.512394
0.483157 0.512838
0.482241 0.513275
0.481323 0.513706
0.480404 0.514131
0.479483 0.514550
0.478561 0.514963
0.477637 0.515370
0.476711 0.515771
0.475783 0.516166
0.656286 0.418354
0.652526 0.416133
0.651587 0.415569
0.462791 0.521680
0.463555 0.521355
0.463719 0.521286
0.462627 0.521749
0.461863 0.522074
0.450563 0.526869
0.450728 0.526800
0.449800 0.527194
0.662883 0.422109
0.668554 0.425193
0.667607 0.424687
0.657227 0.418901
0.658169 0.419445
0.682796 0.432356
0.683749 0.432806
0.681844 0.431903
0.684702 0.433252
0.687565 0.434571
0.686610 0.434135
0.666662 0.424179
0.679940 0.430986
0.685656 0.433695
0.680892 0.431446
0.580816 0.434376
0.580453 0.434689
0.579690 0.435353
0.648770 0.413871
0.649250 0.414160
0.649709 0.414437
0.464647 0.520893
0.464483 0.520961
0.465575 0.520499
0.465411 0.520567
0.469123 0.518992
0.468359 0.519317
0.466503 0.520105
0.467267 0.519780
0.467431 0.519711
0.466339 0.520174
0.468195 0.519386
0.933457 0.579315
0.933041 0.578498
0.932342 0.577103
0.932758 0.577921
0.197881 0.686577
0.196951 0.687034
0.220680 0.671613
0.221439 0.670962
0.451491 0.526475
0.451656 0.526407
0.860354 0.458562
0.859359 0.458465
0.858363 0.458372
0.861349 0.458663
0.862344 0.458768
0.606038 0.343194
0.606323 0.344140
0.376249 0.559325
0.376733 0.559075
0.377141 0.558869
0.895507 0.428316
0.896225 0.427616
0.895087 0.428722
0.893233 0.430528
0.893950 0.429828
0.894370 0.429422
0.603305 0.334136
0.603591 0.335082
0.603287 0.334076
0.873898 0.449325
0.874616 0.448625
0.875035 0.448219
0.845376 0.457494
0.846377 0.457542
0.847076 0.457579
0.843372 0.457409
0.844374 0.457450
0.613931 0.369362
0.614217 0.370308
0.614235 0.370368
0.614520 0.371314
0.613913 0.369301
0.613324 0.367349
0.613609 0.368295
0.613627 0.368355
0.401381 0.547743
0.614538 0.371375
0.614824 0.372321
0.614842 0.372381
0.615127 0.373327
0.615145 0.373388
0.615431 0.374333
0.615449 0.374394
0.615735 0.375340
0.615753 0.375400
0.616038 0.376346
0.616056 0.376407
0.616342 0.377353
0.405093 0.546168
0.405257 0.546099
0.406021 0.545774
0.369112 0.562968
0.605430 0.341181
0.605412 0.341121
0.375841 0.559531
0.375357 0.559780
0.374949 0.559986
0.926215 0.398462
0.926932 0.397761
0.925795 0.398867
0.927352 0.397356
0.920108 0.404395
0.919391 0.405096
0.918971 0.405501
0.918254 0.406202
0.917833 0.406607
0.920528 0.403990
0.921245 0.403290
0.923520 0.401078
0.923940 0.400673
0.924657 0.399972
0.925078 0.399567
0.595702 0.284571
0.594427 0.285821
0.916696 0.407713
0.915979 0.408413
0.915559 0.408818
0.917116 0.407307
0.914842 0.409519
0.595654 0.295387
0.595473 0.294466
0.666743 0.214602
0.669640 0.211728
0.670926 0.210484
0.945550 0.379664
0.945129 0.380068
0.943276 0.381876
0.943992 0.381174
0.944413 0.380770
0.650021 0.231070
0.652921 0.228200
0.654201 0.226953
0.939863 0.385193
0.940580 0.384491
0.941001 0.384087
0.931902 0.392933
0.932618 0.392232
0.935314 0.389616
0.936030 0.388915
0.934893 0.390020
0.967875 0.357950
0.967163 0.358655
0.966738 0.359056
0.966025 0.359761
0.968301 0.357550
0.969013 0.356843
0.970150 0.355737
0.969439 0.356444
0.962612 0.363078
0.962189 0.363480
0.961051 0.364586
0.960337 0.365290
0.959914 0.365692
0.961475 0.364184
0.957639 0.367904
0.956925 0.368607
0.956502 0.369010
0.952375 0.373030
0.953090 0.372327
0.954227 0.371222
0.953512 0.371924
0.368704 0.563174
0.368220 0.563423
0.367812 0.563630
0.367328 0.563879
0.366920 0.564085
0.621825 0.395529
0.622110 0.396475
0.622128 0.396536
0.621806 0.395469
0.621521 0.394523
0.619681 0.388424
0.619699 0.388484
0.619396 0.387478
0.913188 0.538886
0.912774 0.538068
0.913473 0.539462
0.914871 0.542250
0.914585 0.541674
0.914172 0.540856
0.913887 0.540280
0.915983 0.544462
0.915569 0.543644
0.915284 0.543068
0.823321 0.456666
0.822410 0.456632
0.822319 0.456628
0.894318 0.501246
0.893905 0.500427
0.890823 0.494276
0.891109 0.494851
0.904801 0.522157
0.904388 0.521339
0.903689 0.519944
0.904102 0.520763
0.903403 0.519369
0.902990 0.518550
0.902704 0.517975
0.619378 0.387417
0.896700 0.506004
0.896414 0.505429
0.896001 0.504610
0.895715 0.504035
0.898098 0.508792
0.897812 0.508217
0.897399 0.507398
0.897113 0.506823
0.887329 0.487306
0.887615 0.487881
0.901306 0.515187
0.900893 0.514368
0.900608 0.513793
0.899210 0.511005
0.898797 0.510186
0.898511 0.509611
0.910392 0.533310
0.909979 0.532491
0.909693 0.531916
0.912489 0.537492
0.912075 0.536673
0.911790 0.536098
0.907183 0.526915
0.907596 0.527734
0.907882 0.528309
0.906898 0.526340
0.908295 0.529128
0.827332 0.456814
0.826421 0.456781
0.826329 0.456777
0.831342 0.456963
0.831433 0.456967
0.840365 0.457298
0.839454 0.457264
0.839362 0.457261
0.590508 0.277553
0.590634 0.277886
0.590936 0.278673
0.591063 0.279005
0.594631 0.290182
0.594811 0.291103
0.594841 0.291253
0.462703 0.067646
0.463001 0.067742
0.463894 0.068040
0.465084 0.068434
0.464192 0.068136
0.461811 0.067348
0.461513 0.067252
0.905743 0.418365
0.906460 0.417664
0.906880 0.417259
0.597158 0.303033
0.597128 0.302883
0.596947 0.301962
0.584511 0.261884
0.584209 0.261098
0.584082 0.260765
0.601838 0.416123
0.601075 0.416788
0.600712 0.417101
0.439428 0.531595
0.439592 0.531527
0.503749 0.501113
0.502872 0.501689
0.615706 0.404085
0.615344 0.404398
0.614581 0.405062
0.433860 0.533958
0.551316 0.177714
0.551818 0.178730
0.572088 0.229427
0.571785 0.228641
0.571659 0.228308
0.571357 0.227521
0.571231 0.227189
0.577228 0.242858
0.576926 0.242071
0.576800 0.241739
0.473371 0.074143
0.473117 0.073829
0.472745 0.073361
0.552316 0.179753
0.546594 0.168850
0.547137 0.169810
0.547675 0.170776
0.391565 0.044093
0.392455 0.044399
0.379342 0.040075
0.378462 0.039737
0.378143 0.039687
0.379655 0.040137
0.380538 0.040466
0.386500 0.042430
0.385611 0.042119
0.385308 0.042037
0.386802 0.042514
0.387691 0.042824
0.594322 0.422650
0.595085 0.421986
0.595447 0.421673
0.593959 0.422963
0.593196 0.423627
0.607465 0.411238
0.606702 0.411902
0.607828 0.410925
0.501994 0.502259
0.610842 0.408307
0.610079 0.408971
0.617595 0.402444
0.616832 0.403108
0.616469 0.403421
0.432168 0.534678
0.432004 0.534746
0.432932 0.534352
0.433096 0.534284
0.617957 0.402131
0.619846 0.400490
0.619083 0.401154
0.618720 0.401467
0.431240 0.535071
0.431076 0.535140
0.620288 0.390436
0.620003 0.389491
0.619985 0.389430
0.390250 0.552478
0.389330 0.552886
0.386677 0.554107
0.387501 0.553720
0.386592 0.554146
0.396741 0.549713
0.395977 0.550038
0.388414 0.553300
0.391174 0.552077
0.392101 0.551682
0.392265 0.551613
0.366436 0.564334
0.366028 0.564541
0.403401 0.546887
0.404165 0.546562
0.404329 0.546493
0.403237 0.546956
0.370896 0.562057
0.371380 0.561808
0.371788 0.561602
0.402473 0.547281
0.402309 0.547350
0.401545 0.547675
0.372273 0.561352
0.372680 0.561146
0.373165 0.560897
0.365544 0.564790
0.069652 0.615247
0.069332 0.613933
0.069237 0.613507
0.076297 0.643071
0.075980 0.641756
0.075882 0.641332
0.073805 0.632637
0.073487 0.631323
0.338376 0.562787
0.334301 0.557243
0.332605 0.554880
0.325559 0.588115
0.325694 0.588026
0.095597 0.660090
0.096416 0.660610
0.095553 0.660062
0.294956 0.607931
0.294241 0.608393
0.294106 0.608481
0.295091 0.607842
0.276701 0.621745
0.277424 0.621101
0.277448 0.621080
0.291388 0.610257
0.102454 0.664444
0.101634 0.663924
0.101591 0.663896
0.099047 0.662281
0.099866 0.662801
0.099004 0.662253
0.295807 0.607380
0.276677 0.621766
0.275954 0.622410
0.096459 0.660638
0.097279 0.661158
0.233368 0.660346
0.233392 0.660325
0.149822 0.685051
0.149247 0.684908
0.150225 0.685148
0.154137 0.686107
0.154713 0.686250
0.155116 0.686347
0.146887 0.684332
0.146312 0.684189
0.147290 0.684429
0.150800 0.685291
0.151203 0.685388
0.243846 0.651013
0.243822 0.651034
0.243099 0.651678
0.136128 0.681695
0.135553 0.681552
0.136531 0.681792
0.244569 0.650369
0.244593 0.650348
0.245316 0.649703
0.245340 0.649683
0.248303 0.647043
0.247580 0.647687
0.247556 0.647708
0.248326 0.647022
0.130259 0.680256
0.129684 0.680113
0.130662 0.680353
0.246833 0.648352
0.328959 0.585913
0.133596 0.681072
0.134172 0.681215
0.134574 0.681312
0.135150 0.681455
0.246062 0.649038
0.246809 0.648373
0.246086 0.649017
0.132215 0.680736
0.131640 0.680593
0.132618 0.680833
0.133193 0.680976
0.131237 0.680496
0.231875 0.661677
0.231152 0.662321
0.151778 0.685531
0.152181 0.685627
0.238619 0.655669
0.238595 0.655690
0.237872 0.656334
0.239342 0.655025
0.142975 0.683373
0.142400 0.683230
0.143378 0.683470
0.141997 0.683133
0.141421 0.682990
0.140443 0.682751
0.141019 0.682893
0.186315 0.691602
0.187313 0.691221
0.193169 0.688792
0.194124 0.688363
0.190420 0.707330
0.190923 0.708937
0.190200 0.706604
0.191142 0.709664
0.191646 0.711271
0.713908 0.458283
0.228888 0.664337
0.228165 0.664982
0.228142 0.665002
0.156094 0.686586
0.156669 0.686729
0.227419 0.665647
0.155691 0.686490
0.224408 0.668328
0.223685 0.668973
0.223661 0.668994
0.161560 0.687928
0.161963 0.688025
0.162538 0.688168
0.162941 0.688264
0.002965 0.650744
0.004172 0.650748
0.004406 0.650710
0.002726 0.650800
0.005844 0.650673
0.005613 0.650703
0.011360 0.650536
0.010154 0.650557
0.550356 0.461650
0.565029 0.448294
0.581579 0.433711
0.581941 0.433398
0.579328 0.435666
0.578565 0.436330
0.943247 0.598834
0.942823 0.598020
0.943522 0.599415
0.940029 0.592441
0.940449 0.593256
0.940727 0.593836
0.937234 0.586863
0.936953 0.586285
0.936535 0.585469
0.936254 0.584891
0.932059 0.576526
0.931643 0.575709
0.219915 0.672258
0.218367 0.673526
0.217584 0.674150
0.430312 0.535465
0.430148 0.535534
0.216795 0.674766
0.224432 0.668308
0.225155 0.667663
0.225178 0.667642
0.206845 0.681625
0.207708 0.681092
0.222192 0.670303
0.222915 0.669659
0.222938 0.669638
0.852378 0.457890
0.851379 0.457823
0.855372 0.458114
0.854375 0.458036
0.606341 0.344201
0.606627 0.345147
0.606930 0.346153
0.606645 0.345207
0.870067 0.453048
0.870486 0.452642
0.871204 0.451942
0.871623 0.451536
0.868212 0.454854
0.868929 0.454154
0.869349 0.453748
0.896644 0.427210
0.897362 0.426510
0.898499 0.425405
0.897782 0.426105
0.603609 0.335143
0.603894 0.336089
0.603912 0.336149
0.604198 0.337095
0.604216 0.337156
0.604502 0.338102
0.604520 0.338162
0.604805 0.339108
0.850379 0.457760
0.874649 0.470342
0.873818 0.469412
0.872981 0.468483
0.866945 0.461995
0.867827 0.462920
0.868701 0.463846
0.864264 0.459223
0.865164 0.460146
0.866058 0.461070
0.870432 0.465699
0.869570 0.464772
0.872138 0.467554
0.856370 0.458196
0.847378 0.457593
0.875473 0.471272
0.857366 0.458282
0.871288 0.466626
0.877103 0.473134
0.876291 0.472203
0.853376 0.457961
0.848379 0.457645
0.849379 0.457701
0.613306 0.367288
0.612717 0.365336
0.613002 0.366282
0.613020 0.366342
0.612699 0.365275
0.393029 0.551288
0.616360 0.377413
0.616645 0.378359
0.409733 0.544199
0.408969 0.544524
0.408805 0.544593
0.406185 0.545705
0.406949 0.545380
0.607234 0.347159
0.606948 0.346214
0.607252 0.347220
0.607538 0.348166
0.382085 0.556343
0.382979 0.555891
0.607556 0.348227
0.381601 0.556592
0.381193 0.556798
0.385683 0.554573
0.384778 0.555006
0.383877 0.555445
0.604823 0.339169
0.605109 0.340114
0.605127 0.340175
0.593999 0.286969
0.594180 0.287890
0.594210 0.288040
0.922803 0.401779
0.922383 0.402184
0.921666 0.402885
0.624949 0.255764
0.627851 0.252897
0.629127 0.251649
0.933756 0.391126
0.933039 0.391827
0.934177 0.390722
0.637484 0.243417
0.640385 0.240549
0.641663 0.239302
0.937589 0.387404
0.937168 0.387809
0.936451 0.388510
0.976975 0.349096
0.976269 0.349809
0.975837 0.350204
0.977408 0.348703
0.978112 0.347988
0.979250 0.346880
0.978548 0.347597
0.973562 0.352418
0.972853 0.353126
0.972425 0.353524
0.973991 0.352021
0.974700 0.351311
0.975130 0.350915
0.958062 0.367501
0.958777 0.366798
0.959200 0.366396
0.955787 0.369713
0.955365 0.370116
0.954650 0.370818
0.365136 0.564996
0.414187 0.051584
0.415079 0.051884
0.413889 0.051490
0.410616 0.050401
0.411507 0.050702
0.410317 0.050308
0.495326 0.320918
0.501525 0.321641
0.491440 0.320430
0.409425 0.050007
0.409126 0.049914
0.622414 0.397482
0.622600 0.398100
0.622432 0.397542
0.621503 0.394462
0.621217 0.393516
0.621199 0.393456
0.893619 0.499852
0.893206 0.499033
0.892507 0.497639
0.892920 0.498458
0.891522 0.495670
0.891808 0.496245
0.892221 0.497064
0.888028 0.488700
0.888314 0.489275
0.888726 0.490094
0.833347 0.457037
0.832436 0.457004
0.832344 0.457000
0.591920 0.281244
0.592222 0.282030
0.593078 0.284269
0.593205 0.284601
0.593507 0.285388
0.594601 0.290032
0.594420 0.289111
0.594390 0.288961
0.595022 0.292174
0.595052 0.292324
0.597579 0.305175
0.597549 0.305025
0.597369 0.304104
0.597339 0.303954
0.597760 0.306096
0.597790 0.306246
0.596918 0.301812
0.596737 0.300891
0.596707 0.300741
0.483215 0.018522
0.483601 0.017032
0.483150 0.018811
0.538527 0.156072
0.539129 0.156949
0.535450 0.151781
0.536074 0.152627
0.534820 0.150942
0.523219 0.136459
0.522589 0.135679
0.536694 0.153479
0.537309 0.154337
0.533549 0.149283
0.534187 0.150110
0.543813 0.164147
0.543243 0.163225
0.541507 0.160498
0.542090 0.161401
0.540919 0.159601
0.510944 0.121118
0.510690 0.120804
0.510318 0.120335
0.486770 0.004572
0.486813 0.004269
0.487231 0.002784
0.487712 0.000978
0.487253 0.002460
0.485861 0.008135
0.485917 0.007842
0.486315 0.006354
0.486366 0.006058
0.485467 0.009624
0.485408 0.009915
0.484504 0.013474
0.484566 0.013184
0.484956 0.011695
0.485017 0.011404
0.604451 0.413856
0.605214 0.413192
0.605577 0.412879
0.606340 0.412215
0.504624 0.500531
0.604089 0.414169
0.614218 0.405375
0.613455 0.406039
0.613093 0.406352
0.552809 0.180782
0.575943 0.239500
0.575641 0.238714
0.575515 0.238381
0.576069 0.239833
0.576371 0.240619
0.576498 0.240952
0.499672 0.107026
0.500044 0.107494
0.500299 0.107809
0.501551 0.109374
0.501923 0.109843
0.502177 0.110157
0.484017 0.087453
0.483763 0.087138
0.483391 0.086670
0.480886 0.083538
0.480632 0.083224
0.480259 0.082755
0.577354 0.243190
0.496541 0.103111
0.496287 0.102797
0.496913 0.103579
0.497540 0.104362
0.497167 0.103894
0.578085 0.245096
0.577783 0.244310
0.577657 0.243977
0.476003 0.046979
0.475933 0.047266
0.476384 0.045488
0.474623 0.075709
0.474369 0.075395
0.473997 0.074926
0.473743 0.074612
0.472491 0.073046
0.472119 0.072578
0.471864 0.072263
0.495915 0.102328
0.495661 0.102014
0.578211 0.245429
0.495035 0.101231
0.494663 0.100762
0.494408 0.100448
0.495289 0.101545
0.560219 0.198422
0.560093 0.198089
0.559790 0.197303
0.559362 0.196184
0.559664 0.196970
0.560521 0.199208
0.553297 0.181818
0.553781 0.182859
0.554261 0.183907
0.555672 0.187089
0.556133 0.188162
0.557042 0.190327
0.556590 0.189241
0.494036 0.099980
0.550810 0.176704
0.550298 0.175700
0.549783 0.174703
0.502803 0.110940
0.503176 0.111409
0.503430 0.111723
0.502549 0.110626
0.539194 0.157046
0.539730 0.157827
0.540326 0.158711
0.569946 0.223831
0.570072 0.224164
0.570374 0.224950
0.569643 0.223045
0.569517 0.222712
0.392756 0.044487
0.393646 0.044792
0.375665 0.038966
0.376067 0.038909
0.376934 0.039306
0.377268 0.039332
0.380847 0.040535
0.381731 0.040858
0.382924 0.041251
0.382038 0.040932
0.383229 0.041328
0.384116 0.041644
0.384420 0.041724
0.387993 0.042909
0.388882 0.043217
0.389184 0.043304
0.596210 0.421009
0.596573 0.420696
0.592834 0.423940
0.592071 0.424604
0.609716 0.409284
0.608953 0.409948
0.608591 0.410261
0.377625 0.558620
0.378033 0.558414
0.378517 0.558164
0.378925 0.557958
0.395813 0.550106
0.395049 0.550432
0.380301 0.557254
0.379817 0.557503
0.379409 0.557709
0.380709 0.557047
0.363352 0.565907
0.362868 0.566156
0.362460 0.566362
0.361568 0.566818
0.361976 0.566612
0.361084 0.567067
0.360676 0.567273
0.505408 0.322125
0.485238 0.319710
0.409897 0.544130
0.364652 0.565245
0.073390 0.630898
0.073072 0.629584
0.328244 0.586375
0.328109 0.586463
0.290853 0.610609
0.290014 0.611172
0.081796 0.651327
0.082616 0.651846
0.081753 0.651299
0.080934 0.650779
0.288355 0.612318
0.289182 0.611741
0.084341 0.652942
0.083521 0.652422
0.083478 0.652394
0.082659 0.651874
0.281965 0.617177
0.282742 0.616546
0.090422 0.656804
0.091241 0.657324
0.090378 0.656776
0.089559 0.656256
0.089516 0.656228
0.284315 0.615304
0.283526 0.615921
0.088697 0.655708
0.088653 0.655681
0.087834 0.655161
0.087791 0.655133
0.115391 0.672660
0.114572 0.672140
0.114529 0.672112
0.115435 0.672688
0.116254 0.673208
0.105041 0.666087
0.104222 0.665568
0.104179 0.665540
0.103316 0.664992
0.103359 0.665020
0.102497 0.664472
0.269957 0.627753
0.269234 0.628397
0.269210 0.628418
0.261020 0.635714
0.261743 0.635070
0.260997 0.635735
0.113710 0.671593
0.113666 0.671565
0.110260 0.669402
0.111079 0.669921
0.110216 0.669374
0.109397 0.668854
0.109354 0.668826
0.106766 0.667183
0.105947 0.666663
0.105904 0.666635
0.105084 0.666115
0.268487 0.629062
0.268464 0.629083
0.107672 0.667758
0.107629 0.667731
0.108491 0.668278
0.106809 0.667211
0.108535 0.668306
0.266970 0.630413
0.266247 0.631058
0.266224 0.631078
0.273691 0.624427
0.272968 0.625071
0.272944 0.625092
0.100772 0.663377
0.100729 0.663349
0.272221 0.625736
0.272197 0.625757
0.099909 0.662829
0.275931 0.622431
0.098184 0.661733
0.098141 0.661706
0.097322 0.661186
0.273714 0.624406
0.274437 0.623761
0.299207 0.605179
0.298491 0.605641
0.298357 0.605729
0.299341 0.605090
0.300057 0.604628
0.297507 0.606280
0.297641 0.606191
0.295941 0.607292
0.296657 0.606830
0.296791 0.606741
0.300191 0.604540
0.234862 0.659016
0.234139 0.659660
0.234115 0.659681
0.148844 0.684811
0.148268 0.684668
0.147866 0.684572
0.255770 0.640391
0.255047 0.641035
0.255023 0.641056
0.121472 0.676522
0.122292 0.677042
0.121429 0.676494
0.120610 0.675974
0.120567 0.675946
0.122335 0.677070
0.123154 0.677590
0.123197 0.677618
0.124017 0.678137
0.124060 0.678165
0.114294 0.702518
0.113140 0.704936
0.112941 0.705338
0.124879 0.678685
0.124922 0.678713
0.119703 0.691234
0.118548 0.693652
0.118351 0.694055
0.108884 0.713802
0.107731 0.716221
0.107531 0.716623
0.106178 0.719445
0.105027 0.721865
0.104824 0.722266
0.116998 0.696876
0.115844 0.699294
0.115646 0.699697
0.111589 0.708159
0.110435 0.710578
0.110236 0.710981
0.094734 0.659543
0.094691 0.659515
0.093872 0.658995
0.119747 0.675427
0.114492 0.702115
0.109083 0.713400
0.098040 0.736394
0.096910 0.738827
0.096656 0.739247
0.099403 0.733562
0.099617 0.733160
0.100761 0.730736
0.084384 0.652970
0.085203 0.653490
0.085246 0.653518
0.091284 0.657352
0.093009 0.658447
0.092966 0.658419
0.092147 0.657899
0.009924 0.650577
0.116297 0.673236
0.125112 0.679951
0.125308 0.679548
0.125525 0.679095
0.122604 0.685190
0.123760 0.682772
0.122408 0.685593
0.119900 0.690831
0.121055 0.688414
0.111787 0.707757
0.098264 0.735989
0.093828 0.658967
0.111985 0.670497
0.112804 0.671017
0.112847 0.671045
0.121252 0.688011
0.100970 0.730334
0.102116 0.727911
0.111122 0.669949
0.123956 0.682369
0.106379 0.719043
0.111941 0.670469
0.117196 0.696473
0.092103 0.657871
0.007051 0.650660
0.086971 0.654613
0.086928 0.654585
0.086109 0.654065
0.086066 0.654037
0.095551 0.741704
0.254300 0.641700
0.254276 0.641721
0.321309 0.590867
0.320593 0.591329
0.318893 0.592430
0.318759 0.592518
0.318043 0.592980
0.317193 0.593531
0.317908 0.593069
0.326409 0.587564
0.243076 0.651699
0.242353 0.652343
0.242329 0.652364
0.241606 0.653009
0.138084 0.682174
0.138487 0.682271
0.137509 0.682031
0.137106 0.681934
0.231128 0.662342
0.230405 0.662986
0.230382 0.663007
0.153734 0.686010
0.153159 0.685867
0.152756 0.685770
0.237849 0.656355
0.237126 0.657000
0.143953 0.683613
0.144356 0.683709
0.200322 0.739277
0.199809 0.737673
0.199598 0.736942
0.198874 0.734608
0.198365 0.733003
0.198151 0.732274
0.199087 0.735338
0.195259 0.722938
0.195476 0.723666
0.195982 0.725272
0.193309 0.716665
0.193814 0.718271
0.193091 0.715938
0.711541 0.519480
0.711307 0.526074
0.711066 0.531731
0.194031 0.718998
0.194536 0.720605
0.194754 0.721332
0.711778 0.513825
0.186588 0.694937
0.186086 0.693330
0.185865 0.692604
0.186808 0.695663
0.187310 0.697270
0.185632 0.691856
0.713665 0.464869
0.713435 0.470518
0.713193 0.477105
0.712962 0.482754
0.712721 0.489343
0.188755 0.701937
0.188975 0.702664
0.189478 0.704270
0.189697 0.704997
0.187530 0.697997
0.188033 0.699604
0.188253 0.700330
0.166455 0.689088
0.165474 0.688869
0.167437 0.689299
0.170388 0.689884
0.171045 0.690003
0.168419 0.689502
0.169403 0.689697
0.163516 0.688407
0.164495 0.688642
0.008488 0.650618
0.007281 0.650635
0.008718 0.650596
0.475619 0.516235
0.474855 0.516560
0.474691 0.516629
0.566009 0.447395
0.461699 0.522143
0.460935 0.522468
0.586443 0.429490
0.586081 0.429803
0.585318 0.430467
0.584192 0.431444
0.584955 0.430780
0.458151 0.523650
0.457987 0.523718
0.457223 0.524043
0.456295 0.524437
0.457059 0.524112
0.578202 0.436643
0.577439 0.437307
0.946049 0.604413
0.945617 0.603602
0.944919 0.602206
0.945348 0.603018
0.944648 0.601623
0.944221 0.600811
0.943947 0.600228
0.938631 0.589652
0.938351 0.589074
0.937932 0.588258
0.937652 0.587680
0.939750 0.591862
0.939330 0.591047
0.939050 0.590468
0.941149 0.594651
0.941426 0.595230
0.931360 0.575132
0.930944 0.574315
0.930661 0.573738
0.428456 0.536253
0.429220 0.535928
0.429384 0.535859
0.219144 0.672895
0.215198 0.675979
0.215999 0.675376
0.208565 0.680552
0.203333 0.683690
0.204220 0.683184
0.202439 0.684188
0.205976 0.682152
0.205101 0.682671
0.201540 0.684680
0.609359 0.354205
0.609074 0.353259
0.609055 0.353198
0.609377 0.354265
0.609663 0.355211
0.609681 0.355272
0.609966 0.356217
0.609984 0.356278
0.611806 0.362317
0.611788 0.362256
0.611502 0.361310
0.612091 0.363263
0.611484 0.361250
0.611199 0.360304
0.394885 0.550500
0.612110 0.363323
0.612395 0.364269
0.612413 0.364330
0.611181 0.360243
0.610895 0.359297
0.610877 0.359237
0.610592 0.358291
0.616663 0.378420
0.616949 0.379366
0.410661 0.543805
0.407113 0.545312
0.407877 0.544986
0.408041 0.544918
0.981526 0.344658
0.980832 0.345385
0.980388 0.345770
0.979689 0.346491
0.970577 0.355338
0.971288 0.354631
0.971715 0.354232
0.535635 0.325746
0.541829 0.326477
0.545707 0.326953
0.525561 0.324539
0.531756 0.325268
0.551901 0.327685
0.555779 0.328160
0.363760 0.565701
0.364244 0.565451
0.415378 0.051978
0.416270 0.052278
0.417460 0.052672
0.416569 0.052372
0.521682 0.324060
0.515486 0.323332
0.511605 0.322851
0.411806 0.050795
0.412698 0.051096
0.412997 0.051190
0.481346 0.319217
0.475138 0.318503
0.407935 0.049520
0.408234 0.049613
0.624840 0.399449
0.624360 0.399161
0.590206 0.276767
0.589651 0.275315
0.589778 0.275647
0.590080 0.276434
0.483665 0.016743
0.484053 0.015253
0.484116 0.014964
0.592776 0.283482
0.592348 0.282363
0.592650 0.283149
0.475622 0.076960
0.475250 0.076492
0.474995 0.076178
0.475876 0.077275
0.593633 0.285720
0.593879 0.286361
0.593969 0.286819
0.595443 0.294316
0.595263 0.293395
0.595233 0.293245
0.460620 0.066954
0.460322 0.066858
0.481345 0.025925
0.480961 0.027416
0.480894 0.027704
0.479992 0.031261
0.479609 0.032752
0.479541 0.033039
0.582495 0.256621
0.582369 0.256288
0.582797 0.257408
0.481412 0.025637
0.481796 0.024147
0.584939 0.263004
0.584637 0.262217
0.476453 0.045201
0.476835 0.043709
0.579496 0.248786
0.579798 0.249573
0.579925 0.249906
0.579370 0.248454
0.579068 0.247667
0.580227 0.250692
0.580353 0.251025
0.493410 0.099197
0.493782 0.099665
0.493156 0.098882
0.472326 0.061493
0.471945 0.062985
0.471875 0.063271
0.473678 0.056158
0.473298 0.057650
0.473227 0.057936
0.475031 0.050823
0.474650 0.052315
0.474580 0.052601
0.468656 0.069616
0.468954 0.069713
0.469847 0.070010
0.537920 0.155201
0.564805 0.210401
0.564931 0.210733
0.565233 0.211520
0.565662 0.212639
0.565359 0.211852
0.532259 0.147650
0.532906 0.148463
0.523664 0.137002
0.522216 0.135211
0.520338 0.132862
0.520710 0.133330
0.520964 0.133645
0.546047 0.167897
0.545496 0.166950
0.544378 0.165075
0.544939 0.166009
0.510064 0.120021
0.509692 0.119552
0.542669 0.162310
0.514702 0.125816
0.514448 0.125501
0.514075 0.125033
0.444232 0.529557
0.444996 0.529232
0.445160 0.529164
0.444068 0.529626
0.443304 0.529951
0.572214 0.229760
0.503802 0.112191
0.574658 0.236142
0.574784 0.236475
0.575086 0.237262
0.575212 0.237594
0.499418 0.106711
0.499046 0.106243
0.501297 0.109060
0.500925 0.108592
0.500671 0.108277
0.574356 0.235356
0.574229 0.235023
0.477755 0.079624
0.477500 0.079309
0.477128 0.078841
0.478127 0.080092
0.585796 0.265242
0.585922 0.265575
0.585494 0.264455
0.586224 0.266361
0.587081 0.268600
0.587207 0.268932
0.587509 0.269719
0.589349 0.274528
0.589223 0.274196
0.578942 0.247335
0.578640 0.246548
0.578513 0.246215
0.475101 0.050536
0.475482 0.049045
0.475552 0.048758
0.485269 0.089019
0.485015 0.088704
0.484643 0.088236
0.484389 0.087921
0.561806 0.202566
0.561932 0.202899
0.562235 0.203685
0.561378 0.201447
0.561504 0.201780
0.488146 0.092619
0.488400 0.092933
0.487774 0.092150
0.485641 0.089487
0.585065 0.263336
0.585367 0.264123
0.489653 0.094499
0.489399 0.094185
0.489027 0.093716
0.488772 0.093402
0.583780 0.259979
0.583654 0.259646
0.561076 0.200660
0.560950 0.200328
0.560647 0.199541
0.557490 0.191419
0.559236 0.195851
0.558806 0.194733
0.555206 0.186022
0.554735 0.184961
0.497794 0.104677
0.570500 0.225283
0.570802 0.226070
0.570929 0.226402
0.507559 0.116889
0.507187 0.116421
0.506933 0.116106
0.507813 0.117204
0.506561 0.115638
0.506307 0.115323
0.568660 0.220474
0.568787 0.220806
0.569089 0.221593
0.569215 0.221925
0.508185 0.117672
0.508439 0.117987
0.478381 0.080407
0.478753 0.080875
0.479007 0.081190
0.393947 0.044882
0.394837 0.045186
0.598461 0.419055
0.597698 0.419719
0.597336 0.420032
0.591708 0.424917
0.590945 0.425582
0.452419 0.526081
0.452584 0.526013
0.610270 0.357224
0.610288 0.357285
0.610573 0.358230
0.393193 0.551219
0.393957 0.550894
0.394121 0.550826
0.358892 0.568184
0.359300 0.567978
0.359784 0.567729
0.360192 0.567522
0.358408 0.568433
0.358000 0.568639
0.410825 0.543736
0.072975 0.629159
0.072656 0.627845
0.326544 0.587476
0.327259 0.587014
0.327394 0.586925
0.285111 0.614693
0.285913 0.614089
0.287535 0.612902
0.286721 0.613492
0.278918 0.619770
0.278195 0.620415
0.278171 0.620436
0.279670 0.619112
0.258034 0.638375
0.258756 0.637730
0.258780 0.637709
0.258010 0.638395
0.257287 0.639040
0.314643 0.595182
0.314508 0.595271
0.315358 0.594720
0.259503 0.637065
0.117117 0.673756
0.117160 0.673783
0.256516 0.639726
0.256540 0.639705
0.255793 0.640370
0.257263 0.639061
0.317058 0.593619
0.271474 0.626401
0.271450 0.626422
0.264007 0.633053
0.264730 0.632409
0.263983 0.633074
0.264754 0.632388
0.265477 0.631744
0.265501 0.631723
0.274461 0.623741
0.275184 0.623096
0.275208 0.623076
0.301892 0.603439
0.301757 0.603527
0.301042 0.603989
0.300907 0.604078
0.303457 0.602426
0.302742 0.602888
0.302607 0.602977
0.303592 0.602338
0.304307 0.601876
0.312093 0.596833
0.311958 0.596922
0.311242 0.597384
0.312808 0.596371
0.261767 0.635049
0.266994 0.630392
0.267717 0.629748
0.267741 0.629727
0.306857 0.600225
0.306992 0.600136
0.307708 0.599674
0.306007 0.600775
0.306142 0.600687
0.307842 0.599586
0.308558 0.599124
0.304442 0.601787
0.305157 0.601326
0.305292 0.601237
0.102322 0.727510
0.103471 0.725089
0.103674 0.724687
0.250566 0.645026
0.251289 0.644382
0.250543 0.645047
0.251313 0.644361
0.249820 0.645692
0.126749 0.679394
0.127325 0.679537
0.127727 0.679634
0.126346 0.679297
0.125771 0.679154
0.253553 0.642366
0.253530 0.642386
0.252807 0.643031
0.320459 0.591417
0.319743 0.591879
0.319609 0.591968
0.241582 0.653029
0.240859 0.653674
0.240836 0.653694
0.140040 0.682654
0.139465 0.682511
0.139062 0.682414
0.249049 0.646378
0.249073 0.646357
0.249796 0.645712
0.129281 0.680017
0.128706 0.679874
0.128303 0.679777
0.237102 0.657020
0.236379 0.657665
0.236355 0.657686
0.145334 0.683949
0.145909 0.684092
0.144931 0.683852
0.203224 0.748625
0.202696 0.747023
0.202497 0.746286
0.201771 0.743948
0.201253 0.742345
0.201046 0.741612
0.201975 0.744683
0.200531 0.740008
0.197643 0.730668
0.197428 0.729940
0.709121 0.581116
0.709432 0.575286
0.709626 0.568612
0.196198 0.726000
0.196705 0.727606
0.710111 0.556278
0.709897 0.562902
0.708984 0.588075
0.196920 0.728334
0.710366 0.550601
0.710590 0.543994
0.710836 0.538330
0.950368 0.612832
0.712488 0.494993
0.712250 0.501582
0.712015 0.507234
0.191864 0.711998
0.192368 0.713604
0.192587 0.714331
0.582704 0.432734
0.583830 0.431757
0.583067 0.432421
0.460771 0.522537
0.460007 0.522862
0.577077 0.437620
0.576314 0.438284
0.942548 0.597439
0.942125 0.596625
0.941848 0.596045
0.992305 0.499125
0.995843 0.499661
0.996416 0.499821
0.972273 0.495871
0.975802 0.496434
0.976272 0.496519
0.932297 0.489402
0.935825 0.489969
0.936294 0.490049
0.919836 0.487384
0.920306 0.487462
0.916309 0.486816
0.988283 0.498467
0.991816 0.499017
0.984276 0.497816
0.983803 0.497726
0.980273 0.497167
0.960278 0.493929
0.963806 0.494495
0.964276 0.494577
0.923833 0.488030
0.924303 0.488109
0.940291 0.490695
0.943819 0.491262
0.944288 0.491342
0.892328 0.482936
0.891858 0.482858
0.888331 0.482290
0.900321 0.484229
0.899852 0.484151
0.896324 0.483583
0.979802 0.497080
0.948286 0.491989
0.951813 0.492555
0.952283 0.492636
0.968274 0.495224
0.967804 0.495141
0.908315 0.485522
0.911843 0.486091
0.912312 0.486169
0.928300 0.488755
0.931827 0.489323
0.903849 0.484798
0.904318 0.484876
0.987806 0.498372
0.955811 0.493202
0.956280 0.493283
0.915840 0.486737
0.939822 0.490616
0.895855 0.483505
0.959809 0.493848
0.927830 0.488677
0.887861 0.482212
0.971803 0.495787
0.907846 0.485444
0.947816 0.491909
0.209415 0.680005
0.200634 0.685165
0.607841 0.349172
0.471236 0.318001
0.465015 0.317295
0.406745 0.049126
0.407044 0.049219
0.623902 0.398883
0.623421 0.398595
0.622963 0.398318
0.471238 0.071480
0.470866 0.071012
0.470612 0.070697
0.471492 0.071795
0.470140 0.070105
0.470240 0.070229
0.597971 0.307167
0.598000 0.307317
0.901194 0.422788
0.901911 0.422087
0.900774 0.423193
0.902331 0.421682
0.455858 0.065378
0.456750 0.065675
0.455560 0.065281
0.459131 0.066464
0.458239 0.066166
0.457941 0.066070
0.459429 0.066560
0.457048 0.065772
0.480511 0.029195
0.480443 0.029482
0.480060 0.030973
0.482314 0.022080
0.482698 0.020589
0.482247 0.022368
0.481863 0.023859
0.482764 0.020301
0.477737 0.040153
0.477355 0.041644
0.477286 0.041931
0.476904 0.043423
0.580781 0.252144
0.581084 0.252931
0.580655 0.251811
0.479158 0.034530
0.479090 0.034817
0.582067 0.255502
0.581940 0.255169
0.581512 0.254050
0.581210 0.253263
0.581638 0.254382
0.491531 0.096848
0.491277 0.096533
0.490905 0.096065
0.470973 0.066828
0.471043 0.066542
0.471424 0.065050
0.471494 0.064763
0.472396 0.061206
0.472777 0.059715
0.472847 0.059428
0.473748 0.055871
0.474129 0.054380
0.474199 0.054093
0.470142 0.070098
0.470522 0.068606
0.470593 0.068320
0.518459 0.130513
0.518831 0.130981
0.519085 0.131296
0.563520 0.207043
0.563646 0.207376
0.563948 0.208162
0.563218 0.206256
0.563092 0.205924
0.515700 0.127067
0.515328 0.126599
0.515074 0.126284
0.515954 0.127381
0.521962 0.134896
0.521590 0.134428
0.521336 0.134113
0.511317 0.121586
0.511571 0.121901
0.513821 0.124718
0.513449 0.124250
0.512823 0.123467
0.513195 0.123935
0.568358 0.219687
0.568232 0.219354
0.445924 0.528838
0.446088 0.528770
0.443140 0.530020
0.442376 0.530345
0.504056 0.112506
0.504428 0.112974
0.549263 0.173712
0.572944 0.231666
0.572642 0.230879
0.572516 0.230546
0.573070 0.231998
0.573373 0.232785
0.498792 0.105928
0.498420 0.105460
0.498166 0.105145
0.573499 0.233117
0.573801 0.233904
0.573927 0.234237
0.476874 0.078526
0.476502 0.078058
0.476248 0.077743
0.586351 0.266694
0.586653 0.267480
0.586779 0.267813
0.481258 0.084007
0.481512 0.084321
0.483136 0.086355
0.482764 0.085887
0.588492 0.272290
0.588795 0.273077
0.588921 0.273409
0.588366 0.271957
0.480005 0.082441
0.479633 0.081973
0.479379 0.081658
0.487520 0.091836
0.487148 0.091368
0.486894 0.091053
0.485895 0.089802
0.486268 0.090270
0.486522 0.090585
0.582923 0.257740
0.583226 0.258527
0.583352 0.258859
0.558372 0.193622
0.557933 0.192518
0.492784 0.098414
0.548209 0.171748
0.548738 0.172727
0.492530 0.098099
0.492158 0.097631
0.491904 0.097316
0.509438 0.119238
0.509066 0.118769
0.508812 0.118455
0.395138 0.045276
0.396028 0.045580
0.590583 0.425895
0.589820 0.426559
0.453347 0.525688
0.453512 0.525619
0.357516 0.568889
0.357108 0.569095
0.411589 0.543411
0.411753 0.543342
0.072559 0.627420
0.072241 0.626106
0.315493 0.594632
0.316208 0.594170
0.316343 0.594081
0.259527 0.637044
0.260250 0.636400
0.260274 0.636379
0.313658 0.595821
0.312943 0.596283
0.313793 0.595733
0.281194 0.617815
0.280429 0.618460
0.119704 0.675399
0.118885 0.674879
0.270704 0.627087
0.270728 0.627067
0.269981 0.627732
0.263237 0.633739
0.262514 0.634384
0.262490 0.634404
0.263260 0.633718
0.308692 0.599035
0.309408 0.598573
0.309542 0.598485
0.252783 0.643052
0.252060 0.643696
0.252036 0.643717
0.239366 0.655004
0.240089 0.654360
0.240113 0.654339
0.459843 0.522931
0.459079 0.523256
0.458915 0.523324
0.575951 0.438597
0.575188 0.439261
0.210260 0.679450
0.198805 0.686113
0.199722 0.685642
0.608145 0.350179
0.607859 0.349233
0.608163 0.350239
0.608448 0.351185
0.608466 0.351246
0.608752 0.352192
0.608770 0.352252
0.616967 0.379426
0.617253 0.380372
0.617271 0.380433
0.617556 0.381379
0.412516 0.543017
0.617574 0.381439
0.617860 0.382385
0.984315 0.342061
0.983804 0.342412
0.984951 0.341227
0.983132 0.343171
0.982664 0.343541
0.981978 0.344278
0.890958 0.432739
0.898919 0.424999
0.899637 0.424299
0.900056 0.423893
0.889821 0.433845
0.890538 0.433145
0.461085 0.316775
0.454830 0.316086
0.405554 0.048732
0.405853 0.048825
0.466573 0.068924
0.467465 0.069222
0.466275 0.068828
0.465382 0.068530
0.467763 0.069319
0.598422 0.309459
0.598392 0.309309
0.598211 0.308388
0.598181 0.308238
0.454667 0.064984
0.454369 0.064887
0.478639 0.036596
0.478257 0.038087
0.478188 0.038374
0.478707 0.036309
0.477806 0.039866
0.490651 0.095750
0.490279 0.095282
0.490025 0.094967
0.520084 0.132547
0.519711 0.132079
0.519457 0.131764
0.564074 0.208495
0.564377 0.209281
0.564503 0.209614
0.516953 0.128633
0.516580 0.128164
0.516326 0.127850
0.517207 0.128947
0.562361 0.204018
0.562663 0.204805
0.562789 0.205137
0.518205 0.130198
0.517833 0.129730
0.517579 0.129416
0.512569 0.123152
0.512197 0.122684
0.511943 0.122369
0.565788 0.212972
0.566090 0.213758
0.566216 0.214091
0.566519 0.214877
0.567501 0.217449
0.567804 0.218235
0.567930 0.218568
0.567375 0.217116
0.446852 0.528444
0.447016 0.528376
0.442212 0.530414
0.441448 0.530739
0.504682 0.113289
0.505054 0.113757
0.588064 0.271171
0.587636 0.270051
0.587938 0.270838
0.482510 0.085573
0.482138 0.085104
0.481884 0.084790
0.589457 0.426872
0.588694 0.427536
0.454275 0.525294
0.454440 0.525225
0.356624 0.569344
0.356216 0.569550
0.412681 0.542948
0.413444 0.542623
0.072144 0.625681
0.071825 0.624367
0.118842 0.674851
0.118022 0.674331
0.117979 0.674303
0.310392 0.597934
0.310258 0.598023
0.311108 0.597472
0.205503 0.755751
0.204851 0.754129
0.184263 0.691758
0.185261 0.691832
0.203417 0.749368
0.171373 0.690065
0.172359 0.690244
0.178293 0.691145
0.177301 0.691015
0.179285 0.691268
0.180279 0.691382
0.173345 0.690414
0.176311 0.690877
0.174333 0.690576
0.175321 0.690731
0.181273 0.691488
0.183265 0.691676
0.182269 0.691586
0.204700 0.753326
0.204137 0.751725
0.203956 0.750969
0.574826 0.439574
0.574063 0.440238
0.573700 0.440551
0.211098 0.678889
0.617878 0.382446
0.618163 0.383391
0.444350 0.314870
0.450793 0.315518
0.397219 0.045974
0.396328 0.045670
0.404663 0.048430
0.404363 0.048338
0.598843 0.311601
0.598813 0.311451
0.598632 0.310530
0.598602 0.310380
0.599024 0.312522
0.599054 0.312672
0.453477 0.064590
0.453178 0.064493
0.566645 0.215210
0.566947 0.215997
0.567073 0.216329
0.449635 0.527263
0.448872 0.527588
0.441284 0.530808
0.440520 0.531133
0.440356 0.531201
0.505308 0.114072
0.505681 0.114540
0.505935 0.114855
0.397519 0.046065
0.398410 0.046368
0.588332 0.427849
0.587569 0.428513
0.587206 0.428826
0.456131 0.524506
0.455368 0.524831
0.455203 0.524900
0.355732 0.569800
0.355324 0.570006
0.413609 0.542555
0.414372 0.542229
0.071729 0.623942
0.071410 0.622628
0.211930 0.678321
0.618181 0.383452
0.618467 0.384398
0.599234 0.313593
0.599264 0.313743
0.445143 0.061831
0.446035 0.062129
0.444844 0.061735
0.448416 0.062917
0.447524 0.062619
0.447226 0.062523
0.446333 0.062225
0.452286 0.064195
0.451988 0.064099
0.448707 0.527657
0.447944 0.527982
0.447780 0.528051
0.398709 0.046459
0.399600 0.046762
0.354840 0.570255
0.354432 0.570461
0.414537 0.542161
0.415300 0.541836
0.071313 0.622203
0.070994 0.620889
0.070898 0.620464
0.212756 0.677746
0.619092 0.386471
0.619074 0.386411
0.599445 0.314664
0.599475 0.314814
0.443952 0.061437
0.443654 0.061341
0.450797 0.063705
0.449905 0.063407
0.449607 0.063311
0.451095 0.063801
0.448714 0.063013
0.399900 0.046853
0.400791 0.047156
0.353948 0.570710
0.353540 0.570917
0.415465 0.541767
0.214390 0.676575
0.213576 0.677164
0.618770 0.385404
0.618485 0.384458
0.618789 0.385465
0.416228 0.541442
0.599655 0.315735
0.599685 0.315885
0.442761 0.061043
0.442463 0.060947
0.403472 0.048036
0.403172 0.047944
0.353056 0.571166
0.352648 0.571372
0.416393 0.541373
0.417156 0.541048
0.599866 0.316806
0.599896 0.316956
0.441571 0.060649
0.441273 0.060553
0.401982 0.047550
0.401091 0.047248
0.402281 0.047642
0.434129 0.058188
0.434427 0.058284
0.433237 0.057890
0.428474 0.056313
0.429367 0.056612
0.429665 0.056707
0.426093 0.055525
0.426985 0.055824
0.427284 0.055919
0.440380 0.060254
0.440082 0.060159
0.439190 0.059860
0.436809 0.059072
0.437701 0.059371
0.437999 0.059466
0.431748 0.057400
0.430856 0.057102
0.432046 0.057496
0.435618 0.058678
0.435320 0.058582
0.421331 0.053949
0.422223 0.054248
0.422522 0.054343
0.428176 0.056218
0.417759 0.052766
0.438891 0.059765
0.432938 0.057794
0.424903 0.055131
0.424604 0.055036
0.423712 0.054737
0.418950 0.053160
0.419842 0.053460
0.420140 0.053555
0.423414 0.054642
0.418651 0.053066
0.430557 0.057006
0.421032 0.053854
0.436510 0.058977
0.425795 0.055430
0.350379 0.572532
0.350864 0.572283
0.417321 0.540979
0.418084 0.540654
0.600077 0.317876
0.351271 0.572077
0.351756 0.571827
0.352163 0.571621
0.418249 0.540585
0.419012 0.540260
0.600107 0.318027
0.419177 0.540192
0.419940 0.539866
0.600498 0.320018
0.600317 0.319097
0.600287 0.318947
0.600528 0.320168
0.600708 0.321089
0.600738 0.321239
0.420105 0.539798
0.420868 0.539472
0.600919 0.322160
0.600949 0.322310
0.422888 0.538616
0.422724 0.538685
0.601130 0.323231
0.601160 0.323381
0.421796 0.539079
0.421033 0.539404
0.421960 0.539010
0.601340 0.324302
0.601370 0.324452
0.601551 0.325373
0.601581 0.325523
0.601761 0.326444
0.601791 0.326594
0.601972 0.327515
0.602002 0.327665
0.602183 0.328586
0.602213 0.328736
0.602393 0.329657
0.602423 0.329807
0.602604 0.330728
0.602634 0.330878
0.602815 0.331799
0.602844 0.331949
0.603216 0.333840
0.603055 0.333020
0.603025 0.332870
0.602251 0.333722
0.596058 0.332987
0.592181 0.332515
0.585989 0.331781
0.582112 0.331307
0.575919 0.330574
0.572042 0.330100
0.565849 0.329367
0.561972 0.328892
