0.087133 0.099393
0.086994 0.099075
0.086711 0.098436
0.087416 0.100032
0.087554 0.100350
0.206484 0.169017
0.210029 0.166557
0.201414 0.172649
0.117844 0.166357
0.118241 0.167202
0.118285 0.167297
0.328637 0.689039
0.328913 0.689233
0.331084 0.690777
0.311503 0.676871
0.311779 0.677065
0.313950 0.678609
0.126084 0.901532
0.126167 0.900581
0.126192 0.900325
0.125760 0.905152
0.125843 0.904201
0.125868 0.903945
0.125735 0.905408
0.125652 0.906358
0.125220 0.911185
0.125303 0.910234
0.125328 0.909978
0.125627 0.906614
0.125544 0.907565
0.178739 0.754130
0.178284 0.755097
0.055398 0.065901
0.056375 0.066556
0.056669 0.066757
0.055105 0.065700
0.054128 0.065044
0.052858 0.064188
0.053835 0.064843
0.073181 0.077888
0.074158 0.078544
0.074452 0.078744
0.079967 0.083124
0.080251 0.083763
0.080389 0.084081
0.079829 0.082806
0.080810 0.085038
0.080672 0.084720
0.089271 0.050356
0.089054 0.051084
0.089601 0.049291
0.087959 0.054669
0.088176 0.053941
0.088506 0.052876
0.088723 0.052148
0.086864 0.058254
0.087081 0.057526
0.087411 0.056461
0.087629 0.055734
0.095984 0.119490
0.095846 0.119171
0.096267 0.120128
0.094720 0.116619
0.094581 0.116300
0.095003 0.117257
0.081515 0.086634
0.081232 0.085995
0.081093 0.085677
0.082496 0.088866
0.082779 0.089505
0.082918 0.089823
0.082358 0.088548
0.083201 0.090462
0.081653 0.086952
0.081936 0.087591
0.082075 0.087909
0.086573 0.098118
0.086290 0.097479
0.086151 0.097161
0.085868 0.096522
0.085730 0.096204
0.088259 0.101946
0.087976 0.101307
0.087837 0.100989
0.215107 0.162901
0.197890 0.175107
0.119125 0.169081
0.118727 0.168236
0.118683 0.168142
0.117800 0.166262
0.116960 0.164478
0.117358 0.165323
0.117402 0.165417
0.116917 0.164383
0.227729 0.154103
0.223829 0.156701
0.218709 0.160427
0.184242 0.184800
0.189309 0.181186
0.192822 0.178728
0.180734 0.187259
0.095141 0.117576
0.095424 0.118214
0.095563 0.118533
0.093877 0.114705
0.094160 0.115343
0.094298 0.115662
0.093738 0.114386
0.089523 0.104817
0.089240 0.104178
0.089102 0.103860
0.092052 0.110558
0.091769 0.109920
0.091631 0.109602
0.096406 0.120447
0.096689 0.121085
0.096827 0.121404
0.097110 0.122042
0.097249 0.122361
0.097532 0.122999
0.097670 0.123318
0.097953 0.123956
0.098092 0.124275
0.098375 0.124913
0.098490 0.125179
0.096205 0.125506
0.098810 0.125858
0.126732 0.894292
0.126815 0.893341
0.126840 0.893085
0.126707 0.894548
0.126624 0.895498
0.107201 0.143711
0.106803 0.142866
0.106759 0.142772
0.104551 0.138073
0.104595 0.138168
0.104993 0.139013
0.102343 0.133375
0.102387 0.133470
0.102785 0.134315
0.103712 0.136289
0.104110 0.137134
0.104154 0.137228
0.103668 0.136194
0.090120 0.126412
0.055404 0.131356
0.048299 0.132453
0.100135 0.128677
0.099737 0.127832
0.099693 0.127737
0.101504 0.131591
0.101902 0.132436
0.101945 0.132530
0.101460 0.131496
0.101062 0.130651
0.101018 0.130556
0.331361 0.690971
0.333532 0.692516
0.324018 0.685756
0.326189 0.687301
0.326466 0.687495
0.251854 0.513024
0.252216 0.514031
0.314227 0.678803
0.316398 0.680347
0.318846 0.682086
0.316675 0.680542
0.319122 0.682280
0.304159 0.671656
0.301988 0.670112
0.301712 0.669917
0.304436 0.671850
0.306607 0.673394
0.126408 0.897912
0.126383 0.898168
0.126300 0.899118
0.126275 0.899374
0.126599 0.895755
0.126516 0.896705
0.126491 0.896961
0.126059 0.901788
0.125976 0.902738
0.125951 0.902994
0.323741 0.685562
0.321570 0.684018
0.321293 0.683824
0.125519 0.907821
0.125436 0.908772
0.125411 0.909028
0.358010 0.709900
0.355840 0.708354
0.358288 0.710093
0.338428 0.695992
0.338705 0.696186
0.340875 0.697731
0.355562 0.708161
0.362906 0.713377
0.360736 0.711831
0.360458 0.711638
0.370529 0.718785
0.370250 0.718593
0.368081 0.717046
0.367802 0.716854
0.375146 0.722071
0.372978 0.720523
0.372698 0.720332
0.203938 0.699554
0.203474 0.700614
0.203469 0.700625
0.176516 0.758971
0.176087 0.759941
0.175663 0.760911
0.219872 0.663135
0.219877 0.663124
0.220341 0.662064
0.206755 0.693116
0.207218 0.692056
0.206750 0.693127
0.204875 0.697411
0.204880 0.697400
0.205344 0.696340
0.210030 0.685629
0.209567 0.686689
0.209562 0.686700
0.209098 0.687760
0.209093 0.687771
0.208156 0.689913
0.208161 0.689902
0.208624 0.688842
0.208629 0.688831
0.210968 0.683487
0.210504 0.684546
0.210499 0.684558
0.210035 0.685618
0.050317 0.062476
0.050024 0.062275
0.049047 0.061619
0.046507 0.059907
0.046214 0.059706
0.045236 0.059051
0.000681 0.029094
0.001737 0.029662
0.002005 0.029944
0.068100 0.074463
0.067807 0.074262
0.066830 0.073607
0.065560 0.072750
0.066537 0.073406
0.065267 0.072550
0.064290 0.071894
0.063020 0.071038
0.063996 0.071694
0.062726 0.070837
0.061749 0.070182
0.052565 0.063987
0.051588 0.063332
0.051294 0.063131
0.059209 0.068469
0.058916 0.068268
0.057939 0.067613
0.057645 0.067412
0.070641 0.076175
0.070347 0.075975
0.069371 0.075319
0.069077 0.075119
0.072888 0.077687
0.071911 0.077032
0.071618 0.076831
0.076992 0.080456
0.076698 0.080256
0.075722 0.079600
0.075428 0.079400
0.085768 0.061839
0.085986 0.061111
0.086316 0.060047
0.086534 0.059319
0.085447 0.095565
0.085308 0.095247
0.084465 0.093333
0.084182 0.092694
0.084044 0.092376
0.090788 0.107688
0.090505 0.107049
0.090366 0.106731
0.125307 0.182236
0.125351 0.182331
0.125749 0.183176
0.175780 0.314145
0.175451 0.313210
0.175443 0.313186
0.175788 0.314169
0.176118 0.315105
0.165311 0.284414
0.164981 0.283479
0.164973 0.283455
0.165319 0.284438
0.165648 0.285373
0.088397 0.102264
0.088680 0.102903
0.088819 0.103221
0.092191 0.110877
0.092474 0.111515
0.092612 0.111834
0.092895 0.112472
0.093034 0.112791
0.093317 0.113429
0.093455 0.113748
0.091209 0.108645
0.090926 0.108006
0.091348 0.108963
0.126923 0.892135
0.126948 0.891878
0.236362 0.625768
0.236630 0.625312
0.236920 0.624823
0.105920 0.140987
0.106318 0.141832
0.106362 0.141927
0.105876 0.140892
0.105037 0.139108
0.105434 0.139953
0.105478 0.140047
0.102829 0.134409
0.103226 0.135254
0.103270 0.135349
0.115592 0.161564
0.115194 0.160719
0.115150 0.160625
0.116519 0.163538
0.116475 0.163443
0.113428 0.156961
0.113825 0.157806
0.113869 0.157900
0.113384 0.156866
0.114267 0.158745
0.112059 0.154047
0.112103 0.154142
0.112500 0.154987
0.109409 0.148409
0.109011 0.147564
0.108967 0.147470
0.107245 0.143806
0.107643 0.144651
0.107686 0.144745
0.108084 0.145590
0.110734 0.151228
0.110336 0.150383
0.110292 0.150289
0.110778 0.151323
0.111176 0.152168
0.098854 0.125953
0.099252 0.126798
0.099296 0.126892
0.100179 0.128772
0.100577 0.129617
0.100621 0.129711
0.365354 0.715116
0.363184 0.713570
0.365632 0.715308
0.333809 0.692710
0.335980 0.694254
0.336257 0.694448
0.237188 0.624367
0.237301 0.624175
0.238072 0.624722
0.233828 0.469902
0.233589 0.469360
0.234011 0.470315
0.249628 0.507021
0.249249 0.506028
0.243704 0.492325
0.244114 0.493291
0.374276 0.504186
0.409413 0.499082
0.253994 0.519100
0.253643 0.518082
0.579697 0.479190
0.579516 0.479419
0.578592 0.479411
0.563494 0.481207
0.564404 0.481112
0.564571 0.481082
0.299540 0.668374
0.299264 0.668179
0.306884 0.673589
0.309055 0.675132
0.309331 0.675327
0.350944 0.704878
0.353114 0.706423
0.353392 0.706616
0.350667 0.704684
0.341152 0.697924
0.343323 0.699469
0.343600 0.699663
0.345771 0.701208
0.346048 0.701401
0.348219 0.702946
0.348496 0.703139
0.124464 0.919631
0.124547 0.918681
0.124572 0.918425
0.124439 0.919887
0.124356 0.920838
0.123601 0.929285
0.123683 0.928334
0.123709 0.928078
0.382493 0.727291
0.382778 0.727479
0.380327 0.725740
0.203005 0.701685
0.203000 0.701696
0.203943 0.699542
0.204406 0.698482
0.204411 0.698471
0.177390 0.757034
0.176950 0.758002
0.198319 0.712396
0.198314 0.712407
0.197850 0.713467
0.197381 0.714538
0.197845 0.713478
0.202537 0.702756
0.202532 0.702767
0.202068 0.703827
0.198787 0.711325
0.199251 0.710265
0.199256 0.710254
0.198783 0.711336
0.199720 0.709194
0.175245 0.761881
0.174831 0.762852
0.199725 0.709183
0.200189 0.708123
0.200193 0.708112
0.174423 0.763823
0.174020 0.764794
0.169300 0.776477
0.168913 0.777434
0.168907 0.777450
0.206286 0.694187
0.169306 0.776462
0.169692 0.775505
0.205349 0.696329
0.169698 0.775489
0.207692 0.690973
0.207223 0.692044
0.207687 0.690985
0.211910 0.681333
0.212374 0.680273
0.212379 0.680262
0.211905 0.681344
0.146931 0.831900
0.146937 0.831884
0.147324 0.830928
0.146545 0.832857
0.146539 0.832872
0.150071 0.824121
0.149684 0.825078
0.149678 0.825094
0.148115 0.828967
0.148501 0.828011
0.148507 0.827995
0.148109 0.828983
0.148893 0.827038
0.163021 0.792035
0.162635 0.792991
0.162628 0.793007
0.163413 0.791062
0.163027 0.792019
0.200657 0.707052
0.217998 0.667419
0.218002 0.667408
0.218466 0.666348
0.218935 0.665277
0.218471 0.666337
0.218940 0.665266
0.219404 0.664206
0.219408 0.664195
0.154780 0.812454
0.154786 0.812438
0.155172 0.811481
0.155957 0.809537
0.155963 0.809521
0.156350 0.808564
0.220346 0.662053
0.220810 0.660993
0.221278 0.659921
0.220814 0.660981
0.206281 0.694198
0.205817 0.695258
0.205812 0.695269
0.212847 0.679191
0.212842 0.679202
0.213311 0.678131
0.210973 0.683475
0.211436 0.682415
0.211441 0.682404
0.165375 0.786201
0.165382 0.786185
0.164989 0.787157
0.048754 0.061418
0.047777 0.060763
0.047484 0.060562
0.044943 0.058849
0.043966 0.058195
0.061456 0.069981
0.060479 0.069325
0.060186 0.069125
0.101110 0.011638
0.100764 0.012699
0.100560 0.013432
0.093983 0.034950
0.093650 0.036014
0.093435 0.036742
0.080293 0.079765
0.080512 0.079037
0.080841 0.077972
0.079965 0.080830
0.079746 0.081557
0.079553 0.082183
0.079532 0.082169
0.083578 0.069009
0.083249 0.070075
0.083031 0.070802
0.084604 0.093651
0.084887 0.094290
0.085025 0.094608
0.083339 0.090780
0.083622 0.091419
0.083761 0.091737
0.089662 0.105135
0.089945 0.105774
0.090083 0.106092
0.146465 0.211528
0.141397 0.215130
0.149962 0.209066
0.155030 0.205463
0.158529 0.203002
0.163596 0.199396
0.120891 0.172840
0.120493 0.171995
0.120450 0.171900
0.125793 0.183270
0.126191 0.184115
0.126235 0.184210
0.126632 0.185055
0.124468 0.180451
0.124866 0.181296
0.124910 0.181391
0.124424 0.180357
0.124026 0.179512
0.123982 0.179417
0.175113 0.312251
0.175105 0.312227
0.176126 0.315128
0.176456 0.316064
0.153490 0.250847
0.153161 0.249911
0.153153 0.249888
0.153498 0.250870
0.153828 0.251806
0.164643 0.282519
0.164635 0.282496
0.165657 0.285397
0.165986 0.286332
0.184569 0.339105
0.184899 0.340040
0.184907 0.340064
0.223867 0.447375
0.223684 0.446962
0.223445 0.446419
0.224106 0.447918
0.224290 0.448331
0.141437 0.845513
0.141051 0.846469
0.141045 0.846485
0.139868 0.849402
0.139874 0.849386
0.140260 0.848430
0.234401 0.629930
0.233937 0.630990
0.233932 0.631001
0.234406 0.629918
0.234869 0.628858
0.114311 0.158840
0.114708 0.159685
0.114752 0.159779
0.115636 0.161659
0.116033 0.162504
0.116077 0.162598
0.112544 0.155081
0.112942 0.155926
0.112986 0.156021
0.108128 0.145685
0.108526 0.146530
0.108570 0.146625
0.109851 0.149349
0.109453 0.148504
0.109895 0.149444
0.111219 0.152262
0.111617 0.153107
0.111661 0.153202
0.077191 0.889615
0.078808 0.889282
0.080564 0.888876
0.065286 0.892271
0.063635 0.892566
0.067049 0.891830
0.068679 0.891517
0.070437 0.891092
0.061851 0.893049
0.060094 0.893292
0.090674 0.886659
0.092287 0.886318
0.094043 0.885920
0.110883 0.882223
0.112493 0.881878
0.114250 0.881484
0.130063 0.873695
0.130449 0.872738
0.130455 0.872722
0.132418 0.867861
0.132804 0.866904
0.132810 0.866888
0.132411 0.867876
0.131633 0.869805
0.132019 0.868849
0.132025 0.868833
0.131627 0.869821
0.131240 0.870778
0.129278 0.875639
0.129664 0.874683
0.129671 0.874667
0.130057 0.873710
0.125962 0.878919
0.127719 0.878526
0.124352 0.879266
0.134772 0.862027
0.135158 0.861070
0.135165 0.861054
0.135557 0.860082
0.135943 0.859125
0.135949 0.859110
0.135551 0.860098
0.232743 0.467448
0.232983 0.467991
0.232560 0.467035
0.234251 0.470858
0.128493 0.877584
0.128487 0.877600
0.128151 0.878433
0.127488 0.885845
0.127463 0.886101
0.127380 0.887052
0.225135 0.450243
0.225374 0.450786
0.225558 0.451199
0.226826 0.454066
0.227065 0.454609
0.226642 0.453653
0.227488 0.455565
0.227249 0.455022
0.230207 0.461713
0.230447 0.462256
0.230630 0.462669
0.231475 0.464580
0.231292 0.464167
0.231715 0.465123
0.193769 0.365989
0.193472 0.365096
0.193447 0.365021
0.234434 0.471271
0.235519 0.473726
0.235702 0.474139
0.235279 0.473183
0.240774 0.485609
0.241014 0.486152
0.241197 0.486565
0.247318 0.501091
0.247709 0.502074
0.250005 0.508016
0.244927 0.495231
0.245329 0.496204
0.245731 0.497179
0.245609 0.496886
0.254342 0.520119
0.255032 0.522165
0.255374 0.523191
0.253290 0.517066
0.578426 0.479520
0.577508 0.479558
0.577343 0.479635
0.574105 0.479998
0.573192 0.480077
0.573026 0.480121
0.569959 0.480455
0.569792 0.480492
0.568881 0.480581
0.567804 0.480706
0.568715 0.480616
0.297093 0.666636
0.296816 0.666441
0.124655 0.917474
0.124680 0.917218
0.124331 0.921094
0.124248 0.922045
0.384943 0.729033
0.385232 0.729219
0.123791 0.927127
0.123817 0.926871
0.123385 0.931698
0.123359 0.931954
0.123277 0.932905
0.123169 0.934111
0.123251 0.933161
0.123575 0.929541
0.123493 0.930491
0.123467 0.930747
0.377595 0.723811
0.377877 0.724001
0.375427 0.722262
0.380044 0.725551
0.197377 0.714550
0.196913 0.715610
0.196908 0.715621
0.164983 0.787173
0.164597 0.788130
0.200662 0.707040
0.201126 0.705980
0.201131 0.705969
0.173623 0.765766
0.173230 0.766738
0.202063 0.703838
0.201599 0.704898
0.201595 0.704909
0.171268 0.771600
0.171654 0.770643
0.171660 0.770628
0.173224 0.766754
0.172838 0.767711
0.180611 0.750264
0.182169 0.747138
0.180135 0.751230
0.179664 0.752196
0.179199 0.753163
0.177834 0.756065
0.172445 0.768683
0.172831 0.767726
0.170085 0.774533
0.170483 0.773545
0.170477 0.773560
0.170091 0.774517
0.171262 0.771616
0.170876 0.772572
0.170869 0.772588
0.192212 0.726319
0.192687 0.725256
0.191734 0.727376
0.191252 0.728429
0.190768 0.729478
0.193159 0.724190
0.190280 0.730522
0.189790 0.731563
0.189849 0.731435
0.195507 0.718823
0.195971 0.717763
0.195502 0.718834
0.194569 0.720965
0.195033 0.719905
0.195038 0.719894
0.194565 0.720976
0.196444 0.716681
0.196439 0.716692
0.195975 0.717752
0.165768 0.785228
0.235343 0.627776
0.235807 0.626716
0.235338 0.627787
0.234874 0.628847
0.235818 0.626690
0.236072 0.626257
0.235812 0.626705
0.133196 0.865932
0.137912 0.854248
0.138298 0.853291
0.137905 0.854264
0.139481 0.850359
0.139475 0.850374
0.144975 0.836746
0.145362 0.835789
0.145368 0.835774
0.144969 0.836762
0.145754 0.834817
0.144190 0.838691
0.144577 0.837734
0.144583 0.837718
0.144184 0.838706
0.222689 0.656697
0.223153 0.655637
0.222684 0.656708
0.223158 0.655626
0.223622 0.654566
0.223626 0.654555
0.147330 0.830912
0.147716 0.829955
0.147722 0.829940
0.145760 0.834801
0.146146 0.833845
0.146153 0.833829
0.233468 0.632061
0.231589 0.636356
0.231125 0.637416
0.231120 0.637428
0.231594 0.636345
0.137121 0.856208
0.136734 0.857165
0.136728 0.857181
0.136342 0.858137
0.136336 0.858153
0.232526 0.634214
0.232062 0.635274
0.232057 0.635285
0.232531 0.634203
0.148900 0.827023
0.149286 0.826066
0.149292 0.826051
0.230188 0.639559
0.230651 0.638499
0.230656 0.638487
0.230183 0.639570
0.229719 0.640630
0.229714 0.640641
0.150077 0.824106
0.150463 0.823149
0.140652 0.847457
0.140659 0.847442
0.140266 0.848414
0.153995 0.814398
0.154001 0.814383
0.154387 0.813426
0.154394 0.813410
0.227371 0.645997
0.226907 0.647057
0.226902 0.647068
0.163419 0.791047
0.163806 0.790090
0.163812 0.790074
0.213316 0.678120
0.213780 0.677060
0.213785 0.677049
0.214248 0.675989
0.161844 0.794952
0.161850 0.794936
0.162236 0.793979
0.162242 0.793964
0.214253 0.675977
0.214717 0.674917
0.214722 0.674906
0.215186 0.673846
0.215190 0.673835
0.215654 0.672775
0.216123 0.671704
0.215659 0.672764
0.161065 0.796881
0.161451 0.795924
0.161457 0.795908
0.161059 0.796896
0.160672 0.797853
0.160666 0.797869
0.216128 0.671693
0.216592 0.670633
0.216596 0.670622
0.217060 0.669562
0.217065 0.669551
0.217529 0.668491
0.217534 0.668479
0.155178 0.811466
0.155565 0.810509
0.155571 0.810493
0.222220 0.657768
0.222216 0.657779
0.156356 0.808549
0.156742 0.807592
0.157134 0.806620
0.156748 0.807576
0.157141 0.806604
0.157527 0.805647
0.157533 0.805632
0.158312 0.803703
0.157925 0.804659
0.157919 0.804675
0.165774 0.785213
0.166160 0.784256
0.166166 0.784240
0.166553 0.783284
0.166559 0.783268
0.166945 0.782311
0.042403 0.057137
0.041426 0.056482
0.042696 0.057338
0.043673 0.057993
0.038885 0.054770
0.039863 0.055424
0.040155 0.055626
0.041133 0.056280
0.037322 0.053711
0.036344 0.053057
0.037615 0.053913
0.038592 0.054568
0.033804 0.051345
0.034782 0.051999
0.035074 0.052201
0.036052 0.052855
0.018559 0.041070
0.019539 0.041721
0.019830 0.041927
0.020809 0.042578
0.021100 0.042783
0.024911 0.045351
0.025890 0.046004
0.026182 0.046208
0.027452 0.047064
0.028431 0.047717
0.028723 0.047920
0.027160 0.046860
0.029701 0.048573
0.029993 0.048776
0.004291 0.031425
0.003292 0.030799
0.004570 0.031654
0.003017 0.030555
0.005845 0.032510
0.006834 0.033148
0.007118 0.033365
0.005563 0.032288
0.102765 0.006250
0.102402 0.007308
0.102211 0.008047
0.100217 0.014494
0.100011 0.015226
0.097270 0.024192
0.096934 0.025256
0.096722 0.025985
0.095626 0.029571
0.095292 0.030635
0.095078 0.031364
0.093103 0.037806
0.092887 0.038535
0.081059 0.077245
0.081388 0.076180
0.081936 0.074387
0.081607 0.075452
0.079239 0.081969
0.078262 0.081313
0.077968 0.081112
0.084673 0.065424
0.084891 0.064697
0.085221 0.063632
0.085439 0.062904
0.083797 0.068282
0.084126 0.067217
0.084344 0.066489
0.082154 0.073660
0.082483 0.072595
0.082702 0.071867
0.167097 0.196936
0.172164 0.193329
0.175667 0.190870
0.120935 0.172934
0.121333 0.173779
0.121377 0.173874
0.121774 0.174719
0.121818 0.174814
0.122216 0.175659
0.122260 0.175753
0.122658 0.176598
0.120052 0.171055
0.120008 0.170960
0.123585 0.178572
0.123541 0.178478
0.174775 0.311292
0.174767 0.311268
0.176464 0.316087
0.176794 0.317023
0.152823 0.248952
0.152815 0.248929
0.153836 0.251829
0.154166 0.252765
0.154503 0.253724
0.154174 0.252788
0.164306 0.281560
0.164298 0.281537
0.165994 0.286356
0.166324 0.287291
0.230024 0.461300
0.229785 0.460757
0.229601 0.460344
0.228939 0.458845
0.229179 0.459388
0.229362 0.459801
0.231053 0.463624
0.230869 0.463212
0.185237 0.341000
0.185245 0.341023
0.193150 0.364128
0.193125 0.364053
0.205383 0.400917
0.205680 0.401810
0.205705 0.401885
0.205358 0.400842
0.219218 0.436861
0.219034 0.436448
0.218795 0.435905
0.221754 0.442596
0.221993 0.443139
0.222176 0.443552
0.202138 0.391161
0.202164 0.391235
0.201842 0.390267
0.224713 0.449287
0.224529 0.448874
0.224952 0.449830
0.139089 0.851331
0.139083 0.851347
0.133202 0.865916
0.133589 0.864959
0.133595 0.864944
0.133981 0.863987
0.133987 0.863971
0.134374 0.863015
0.134380 0.862999
0.134766 0.862042
0.233463 0.632072
0.233000 0.633132
0.232995 0.633143
0.072060 0.890770
0.073817 0.890354
0.075435 0.890025
0.095655 0.885578
0.097411 0.885180
0.100779 0.884441
0.099023 0.884837
0.105758 0.883357
0.107515 0.882962
0.104147 0.883702
0.109126 0.882618
0.102391 0.884097
0.131234 0.870793
0.130848 0.871750
0.130842 0.871766
0.120985 0.880005
0.119228 0.880398
0.117618 0.880744
0.122595 0.879658
0.115861 0.881138
0.238477 0.480417
0.238238 0.479874
0.238055 0.479461
0.237816 0.478918
0.237632 0.478505
0.235941 0.474682
0.236125 0.475095
0.236364 0.475637
0.236548 0.476050
0.236787 0.476593
0.240591 0.485196
0.240352 0.484653
0.240168 0.484240
0.241436 0.487108
0.238661 0.480830
0.238900 0.481373
0.239084 0.481785
0.233405 0.468947
0.233166 0.468404
0.234673 0.471814
0.227671 0.455978
0.227911 0.456521
0.410497 0.498933
0.347971 0.508154
0.338639 0.509520
0.129272 0.875655
0.128886 0.876612
0.128880 0.876627
0.128003 0.880068
0.127919 0.881019
0.128027 0.879812
0.127811 0.882225
0.127895 0.881275
0.127787 0.882481
0.127703 0.883432
0.563326 0.481237
0.567637 0.480740
0.566726 0.480831
0.232321 0.466492
0.232137 0.466079
0.231898 0.465536
0.188276 0.349631
0.188536 0.350378
0.188612 0.350592
0.188946 0.351552
0.189606 0.353480
0.189278 0.352515
0.187947 0.348695
0.187939 0.348672
0.187609 0.347736
0.186596 0.344859
0.186588 0.344836
0.186258 0.343900
0.185920 0.342941
0.186250 0.343877
0.234857 0.472227
0.235096 0.472770
0.239506 0.482741
0.239746 0.483284
0.239929 0.483697
0.239323 0.482328
0.248097 0.503060
0.248484 0.504047
0.248868 0.505036
0.246925 0.500110
0.246529 0.499131
0.250379 0.509014
0.244522 0.494260
0.246131 0.498154
0.243292 0.491360
0.241620 0.487521
0.242041 0.488477
0.242461 0.489436
0.242878 0.490397
0.254689 0.521141
0.255713 0.524219
0.256049 0.525249
0.252576 0.515041
0.256384 0.526281
0.279731 0.521295
0.280836 0.521050
0.278778 0.521503
0.282893 0.520597
0.281788 0.520842
0.283846 0.520389
0.284950 0.520144
0.285903 0.519936
0.576428 0.479692
0.576263 0.479754
0.572114 0.480204
0.294645 0.664897
0.294369 0.664703
0.571948 0.480244
0.571037 0.480330
0.570870 0.480368
0.124763 0.916267
0.124788 0.916011
0.124223 0.922301
0.124140 0.923251
0.387395 0.730777
0.387692 0.730961
0.389850 0.732526
0.123899 0.925921
0.123925 0.925665
0.117414 0.999332
0.117351 0.998358
0.117481 0.998092
0.120254 0.966691
0.120226 0.966947
0.120147 0.967898
0.121657 0.951004
0.121739 0.950054
0.121765 0.949798
0.122845 0.937731
0.122927 0.936781
0.122953 0.936524
0.122413 0.942558
0.122387 0.942814
0.122305 0.943764
0.122197 0.944971
0.122279 0.944020
0.122495 0.941607
0.122521 0.941351
0.164591 0.788145
0.164204 0.789102
0.164198 0.789118
0.187808 0.735694
0.188308 0.734668
0.189299 0.732602
0.188805 0.733638
0.194101 0.722036
0.168521 0.778406
0.168515 0.778422
0.168129 0.779379
0.167736 0.780351
0.168122 0.779394
0.224090 0.653495
0.224095 0.653483
0.227376 0.645985
0.227839 0.644926
0.150469 0.823134
0.150856 0.822177
0.151248 0.821204
0.150862 0.822161
0.151254 0.821189
0.151640 0.820232
0.151647 0.820217
0.152033 0.819260
0.228782 0.642772
0.229245 0.641712
0.229250 0.641701
0.228777 0.642783
0.153210 0.816343
0.153216 0.816327
0.153603 0.815371
0.153609 0.815355
0.225965 0.649210
0.225970 0.649199
0.226433 0.648139
0.226438 0.648128
0.159888 0.799798
0.160274 0.798841
0.160280 0.798825
0.159881 0.799813
0.221283 0.659910
0.221747 0.658850
0.221752 0.658839
0.158318 0.803687
0.158704 0.802730
0.166951 0.782296
0.167338 0.781339
0.167344 0.781323
0.167730 0.780367
0.031263 0.049632
0.032241 0.050286
0.032534 0.050489
0.030971 0.049430
0.033512 0.051142
0.008391 0.034221
0.009376 0.034865
0.009662 0.035077
0.008105 0.034007
0.010934 0.035933
0.011917 0.036580
0.012205 0.036790
0.010646 0.035723
0.013187 0.037437
0.013476 0.037646
0.014458 0.038294
0.014747 0.038502
0.016998 0.040008
0.016018 0.039358
0.017288 0.040214
0.018269 0.040865
0.015728 0.039151
0.103895 0.002634
0.104019 0.001834
0.104549 0.000750
0.103489 0.003691
0.103323 0.004448
0.102947 0.005504
0.101857 0.009107
0.101660 0.009843
0.101310 0.010903
0.099670 0.016288
0.099463 0.017020
0.095840 0.028842
0.096174 0.027778
0.096387 0.027049
0.094197 0.034221
0.094530 0.033157
0.094745 0.032428
0.092555 0.039599
0.092340 0.040328
0.119566 0.170021
0.119610 0.170115
0.119169 0.169176
0.122702 0.176693
0.123099 0.177538
0.123143 0.177632
0.174438 0.310333
0.174429 0.310309
0.176802 0.317046
0.177131 0.317982
0.152485 0.247993
0.152477 0.247969
0.163968 0.280601
0.163960 0.280578
0.166332 0.287315
0.166662 0.288251
0.195378 0.370830
0.195081 0.369936
0.195403 0.370905
0.228756 0.458432
0.228517 0.457889
0.199910 0.384458
0.199885 0.384384
0.199588 0.383490
0.197979 0.378650
0.198275 0.379543
0.198300 0.379618
0.185583 0.341982
0.185912 0.342918
0.185574 0.341959
0.221570 0.442183
0.221331 0.441640
0.204070 0.396970
0.203773 0.396076
0.203748 0.396002
0.204095 0.397044
0.203451 0.395108
0.237412 0.623610
0.237455 0.623391
0.203426 0.395033
0.203129 0.394140
0.203104 0.394065
0.202807 0.393172
0.231262 0.626737
0.206002 0.402779
0.206027 0.402853
0.237605 0.622626
0.237648 0.622406
0.204392 0.397938
0.204417 0.398012
0.206348 0.403821
0.206645 0.404715
0.206670 0.404789
0.218612 0.435492
0.218372 0.434949
0.206323 0.403747
0.219457 0.437404
0.219640 0.437817
0.220486 0.439728
0.220302 0.439315
0.220063 0.438773
0.219880 0.438360
0.205061 0.399949
0.222416 0.444095
0.222599 0.444508
0.201817 0.390193
0.201520 0.389299
0.201495 0.389225
0.198010 0.627123
0.202684 0.627076
0.206323 0.627027
0.201198 0.388331
0.137127 0.856193
0.137513 0.855236
0.137519 0.855220
0.139808 0.627798
0.136167 0.627852
0.131491 0.627894
0.227623 0.626785
0.144483 0.627755
0.083935 0.888137
0.085549 0.887799
0.087305 0.887398
0.082179 0.888541
0.088918 0.887059
0.321517 0.512394
0.319557 0.512763
0.325402 0.511687
0.327327 0.511347
0.329241 0.511018
0.418046 0.498038
0.418955 0.497934
0.419123 0.497913
0.323465 0.512036
0.420032 0.497809
0.420200 0.497788
0.336782 0.509800
0.449290 0.494423
0.449122 0.494444
0.448212 0.494548
0.442826 0.495171
0.443735 0.495067
0.443903 0.495046
0.245415 0.629937
0.243243 0.628394
0.242967 0.628199
0.547332 0.483079
0.548242 0.482979
0.548410 0.482954
0.252758 0.635152
0.250586 0.633609
0.250310 0.633414
0.262549 0.642105
0.260377 0.640562
0.260101 0.640367
0.257653 0.638628
0.257929 0.638823
0.128135 0.878605
0.264996 0.643843
0.262825 0.642300
0.128111 0.878862
0.287025 0.659488
0.284854 0.657944
0.284578 0.657749
0.127139 0.889721
0.127056 0.890672
0.127164 0.889465
0.127031 0.890928
0.287302 0.659682
0.289473 0.661226
0.282130 0.656011
0.279959 0.654468
0.279682 0.654273
0.127272 0.888259
0.127355 0.887308
0.127247 0.888515
0.282406 0.656206
0.277235 0.652535
0.277511 0.652729
0.265272 0.644038
0.267444 0.645582
0.275063 0.650991
0.561339 0.481457
0.562249 0.481361
0.562416 0.481332
0.560261 0.481582
0.561171 0.481486
0.184561 0.339081
0.209664 0.413413
0.209315 0.412448
0.215713 0.428794
0.216117 0.429752
0.193794 0.366064
0.194090 0.366958
0.194116 0.367032
0.187601 0.347713
0.555952 0.482081
0.556861 0.481983
0.557029 0.481956
0.557939 0.481859
0.558106 0.481831
0.555784 0.482108
0.554874 0.482206
0.566559 0.480864
0.565649 0.480957
0.565482 0.480988
0.191837 0.360181
0.191540 0.359287
0.191862 0.360255
0.192159 0.361149
0.189931 0.354446
0.190227 0.355340
0.190549 0.356308
0.190252 0.355414
0.187271 0.346777
0.236970 0.477006
0.237209 0.477549
0.237393 0.477962
0.250751 0.510013
0.252934 0.516053
0.287961 0.519483
0.287008 0.519691
0.289065 0.519238
0.442657 0.495192
0.441748 0.495295
0.417878 0.498058
0.416968 0.498162
0.415891 0.498287
0.416800 0.498183
0.575183 0.479876
0.575349 0.479822
0.574270 0.479950
0.291921 0.662964
0.292197 0.663159
0.289749 0.661421
0.124871 0.915061
0.124896 0.914805
0.392323 0.734300
0.390175 0.732709
0.124115 0.923507
0.124032 0.924458
0.124007 0.924714
0.118530 0.986000
0.118603 0.985049
0.118638 0.984793
0.117492 0.997132
0.117576 0.996875
0.117678 0.995663
0.117612 0.995919
0.120118 0.968154
0.120039 0.969105
0.119931 0.970312
0.120010 0.969361
0.120794 0.960658
0.120767 0.960914
0.120686 0.961865
0.120578 0.963071
0.120658 0.962120
0.120550 0.963327
0.120470 0.964278
0.119902 0.970567
0.119823 0.971518
0.119607 0.973932
0.119577 0.974188
0.119499 0.975139
0.121847 0.948847
0.121873 0.948591
0.121442 0.953418
0.121415 0.953674
0.121334 0.954624
0.121226 0.955831
0.121307 0.954880
0.121631 0.951260
0.121550 0.952211
0.121523 0.952467
0.122603 0.940400
0.122629 0.940144
0.122819 0.937987
0.122737 0.938938
0.122711 0.939194
0.123143 0.934367
0.123061 0.935318
0.123035 0.935574
0.121199 0.956087
0.121118 0.957038
0.121010 0.958245
0.121091 0.957294
0.120983 0.958500
0.120902 0.959451
0.120875 0.959707
0.172439 0.768699
0.172053 0.769655
0.172047 0.769671
0.193627 0.723119
0.193632 0.723108
0.194096 0.722048
0.142222 0.843568
0.142228 0.843552
0.142615 0.842596
0.224559 0.652423
0.224564 0.652412
0.227844 0.644914
0.228308 0.643854
0.228313 0.643843
0.152039 0.819244
0.152425 0.818287
0.152431 0.818272
0.152818 0.817315
0.152824 0.817300
0.225501 0.650270
0.159495 0.800770
0.159489 0.800786
0.023350 0.044291
0.022371 0.043639
0.023641 0.044495
0.024620 0.045148
0.022079 0.043435
0.099123 0.018082
0.098914 0.018813
0.092008 0.041392
0.091792 0.042120
0.174100 0.309373
0.174092 0.309350
0.177139 0.318005
0.177469 0.318941
0.152147 0.247034
0.152139 0.247010
0.163630 0.279642
0.163622 0.279619
0.166670 0.288274
0.166999 0.289210
0.194412 0.367926
0.194437 0.368000
0.195056 0.369862
0.194759 0.368968
0.194734 0.368894
0.198944 0.381554
0.199241 0.382448
0.199266 0.382522
0.199563 0.383416
0.228094 0.456934
0.228333 0.457476
0.225797 0.451741
0.225981 0.452154
0.196691 0.374777
0.196666 0.374703
0.196369 0.373809
0.196047 0.372841
0.196022 0.372766
0.195725 0.371873
0.196344 0.373734
0.195700 0.371798
0.197954 0.378575
0.197657 0.377682
0.197335 0.376713
0.197632 0.377607
0.197310 0.376639
0.197013 0.375745
0.196988 0.375671
0.198919 0.381480
0.198622 0.380586
0.198597 0.380511
0.220725 0.440271
0.220908 0.440684
0.221148 0.441227
0.202782 0.393097
0.202485 0.392204
0.202460 0.392129
0.222949 0.626834
0.205036 0.399874
0.204739 0.398981
0.204714 0.398906
0.237841 0.621421
0.237798 0.621641
0.238034 0.620436
0.237991 0.620656
0.216936 0.431667
0.216525 0.430710
0.215313 0.427835
0.215258 0.427703
0.218189 0.434536
0.217768 0.433580
0.217350 0.432624
0.214515 0.425918
0.214121 0.424958
0.243243 0.593845
0.243200 0.594065
0.243050 0.594830
0.214912 0.426877
0.223261 0.446006
0.223022 0.445463
0.222838 0.445050
0.127849 0.627950
0.138304 0.853276
0.138690 0.852319
0.138696 0.852303
0.102883 0.628244
0.106530 0.628181
0.111208 0.628146
0.142621 0.842580
0.143007 0.841623
0.143013 0.841608
0.194370 0.627173
0.143399 0.840651
0.210997 0.626979
0.219310 0.626882
0.214637 0.626930
0.148124 0.627701
0.152799 0.627658
0.156440 0.627605
0.161114 0.627561
0.164755 0.627509
0.200207 0.385352
0.189697 0.627220
0.169429 0.627464
0.173069 0.627412
0.141443 0.845497
0.201173 0.388257
0.200876 0.387363
0.200851 0.387288
0.238184 0.619671
0.238227 0.619451
0.541945 0.483703
0.542855 0.483602
0.543023 0.483578
0.541777 0.483727
0.315603 0.513530
0.317586 0.513142
0.423433 0.497414
0.424342 0.497310
0.424510 0.497290
0.313609 0.513929
0.311604 0.514337
0.423264 0.497435
0.422355 0.497539
0.425419 0.497186
0.411579 0.498793
0.412659 0.498661
0.333035 0.510389
0.334914 0.510090
0.413568 0.498557
0.413736 0.498536
0.414645 0.498432
0.414814 0.498411
0.331143 0.510699
0.415723 0.498307
0.448044 0.494568
0.447135 0.494672
0.446058 0.494797
0.446967 0.494693
0.445890 0.494818
0.444980 0.494922
0.444812 0.494942
0.253034 0.635347
0.255206 0.636890
0.255482 0.637085
0.554707 0.482232
0.553797 0.482331
0.238348 0.624917
0.240519 0.626461
0.240795 0.626656
0.245691 0.630132
0.247862 0.631675
0.248139 0.631870
0.549319 0.482855
0.560094 0.481610
0.559184 0.481706
0.559016 0.481734
0.274787 0.650796
0.127679 0.883688
0.127596 0.884639
0.127571 0.884895
0.267720 0.645776
0.269892 0.647320
0.207621 0.407618
0.207953 0.408585
0.208288 0.409551
0.210732 0.416305
0.210373 0.415342
0.210017 0.414378
0.208969 0.411483
0.207292 0.406651
0.206967 0.405683
0.211095 0.417268
0.211461 0.418231
0.211831 0.419193
0.213344 0.423038
0.212961 0.422078
0.213731 0.423999
0.212581 0.421117
0.208627 0.410518
0.212204 0.420155
0.243629 0.591875
0.243779 0.591110
0.243822 0.590890
0.549487 0.482830
0.550397 0.482730
0.550564 0.482705
0.186925 0.345795
0.186934 0.345818
0.187263 0.346754
0.551474 0.482606
0.551642 0.482580
0.533326 0.484700
0.534235 0.484599
0.534403 0.484575
0.192184 0.361223
0.192481 0.362117
0.191515 0.359212
0.190574 0.356383
0.190871 0.357276
0.251121 0.511015
0.293180 0.518333
0.292076 0.518577
0.291123 0.518786
0.290018 0.519030
0.294133 0.518125
0.437439 0.495794
0.437270 0.495815
0.436361 0.495919
0.435284 0.496043
0.436193 0.495939
0.430974 0.496542
0.431884 0.496438
0.432052 0.496417
0.434206 0.496168
0.434038 0.496189
0.433129 0.496293
0.435116 0.496064
0.432961 0.496313
0.295238 0.517880
0.438348 0.495690
0.438516 0.495669
0.439425 0.495566
0.439593 0.495545
0.303467 0.516068
0.305518 0.515620
0.425587 0.497165
0.426497 0.497061
0.309587 0.514755
0.300305 0.516766
0.301410 0.516521
0.302363 0.516313
0.307558 0.515183
0.299352 0.516974
0.296190 0.517672
0.297295 0.517427
0.298248 0.517219
0.124979 0.913854
0.125004 0.913598
0.118208 0.989622
0.118277 0.988670
0.118315 0.988415
0.118711 0.983842
0.118745 0.983586
0.120442 0.964534
0.120362 0.965485
0.120334 0.965741
0.119794 0.971774
0.119715 0.972725
0.119686 0.972981
0.119469 0.975394
0.119392 0.976345
0.119284 0.977552
0.119361 0.976601
0.121955 0.947640
0.121981 0.947384
0.225496 0.650281
0.225032 0.651341
0.225027 0.651352
0.141830 0.844540
0.141836 0.844525
0.158710 0.802715
0.159097 0.801758
0.159103 0.801742
0.098576 0.019876
0.098366 0.020606
0.091461 0.043185
0.091244 0.043913
0.173762 0.308414
0.173754 0.308391
0.177477 0.318964
0.177807 0.319900
0.151810 0.246075
0.151802 0.246051
0.163293 0.278683
0.163284 0.278660
0.167008 0.289233
0.167337 0.290169
0.200232 0.385427
0.200529 0.386320
0.200554 0.386395
0.226220 0.452697
0.226403 0.453110
0.114853 0.628085
0.119530 0.628048
0.123173 0.627990
0.143406 0.840635
0.143792 0.839679
0.143798 0.839663
0.181383 0.627316
0.186057 0.627270
0.177743 0.627367
0.543932 0.483478
0.544100 0.483453
0.540868 0.483827
0.421110 0.497684
0.421278 0.497664
0.422187 0.497560
0.553629 0.482357
0.552719 0.482455
0.552552 0.482481
0.270168 0.647515
0.272339 0.649058
0.272616 0.649253
0.239963 0.610587
0.239920 0.610807
0.239770 0.611572
0.243586 0.592095
0.243436 0.592860
0.243393 0.593080
0.243007 0.595050
0.242857 0.595815
0.241892 0.600739
0.242043 0.599974
0.242085 0.599754
0.519320 0.486321
0.520229 0.486219
0.520397 0.486196
0.192506 0.362191
0.192803 0.363085
0.192828 0.363159
0.532081 0.484848
0.532249 0.484825
0.531171 0.484950
0.533158 0.484723
0.190896 0.357351
0.191193 0.358244
0.191218 0.358319
0.251489 0.512018
0.440503 0.495441
0.440671 0.495420
0.441580 0.495316
0.426665 0.497040
0.427574 0.496936
0.427742 0.496916
0.428651 0.496812
0.428820 0.496791
0.125195 0.911441
0.125112 0.912391
0.125087 0.912648
0.118168 0.989877
0.118101 0.990829
0.117994 0.992037
0.118058 0.991085
0.117949 0.992292
0.117888 0.993245
0.118494 0.986256
0.118423 0.987207
0.118386 0.987463
0.118820 0.982635
0.118853 0.982379
0.122171 0.945227
0.122089 0.946178
0.122063 0.946434
0.097481 0.023463
0.097818 0.022399
0.098029 0.021669
0.090913 0.044978
0.090697 0.045706
0.173424 0.307455
0.173416 0.307432
0.177815 0.319923
0.178144 0.320859
0.151472 0.245116
0.151464 0.245092
0.162955 0.277724
0.162947 0.277701
0.167345 0.290192
0.167675 0.291128
0.086212 0.628444
0.081520 0.628463
0.077850 0.628547
0.089868 0.628370
0.094553 0.628343
0.098203 0.628276
0.547164 0.483104
0.546255 0.483204
0.535313 0.484474
0.535481 0.484451
0.537636 0.484201
0.538545 0.484101
0.538713 0.484077
0.240349 0.608618
0.240306 0.608838
0.240156 0.609603
0.240113 0.609822
0.240735 0.606648
0.240692 0.606868
0.240542 0.607633
0.240499 0.607853
0.239728 0.611792
0.239577 0.612557
0.512688 0.487091
0.511778 0.487194
0.511610 0.487216
0.512856 0.487069
0.510701 0.487318
0.244207 0.588921
0.244165 0.589140
0.244015 0.589905
0.243972 0.590125
0.510533 0.487340
0.509623 0.487443
0.241314 0.603693
0.241271 0.603913
0.241121 0.604678
0.242814 0.596034
0.242664 0.596799
0.242471 0.597784
0.242621 0.597019
0.514842 0.486842
0.513933 0.486944
0.513765 0.486966
0.515010 0.486820
0.242429 0.598004
0.242278 0.598769
0.242236 0.598989
0.526694 0.485471
0.525784 0.485573
0.525616 0.485596
0.526862 0.485448
0.524707 0.485698
0.531003 0.484973
0.530094 0.485074
0.529926 0.485097
0.529016 0.485199
0.528848 0.485222
0.527939 0.485324
0.527771 0.485346
0.241850 0.600959
0.241699 0.601724
0.522552 0.485947
0.522384 0.485969
0.521475 0.486072
0.521307 0.486094
0.430806 0.496563
0.429897 0.496667
0.429729 0.496687
0.117838 0.993500
0.117783 0.994454
0.117726 0.994709
0.118928 0.981428
0.118961 0.981173
0.089818 0.048563
0.090149 0.047498
0.090366 0.046770
0.173087 0.306496
0.173079 0.306473
0.178153 0.320882
0.178482 0.321818
0.151134 0.244157
0.151126 0.244133
0.162617 0.276765
0.162609 0.276742
0.167683 0.291151
0.168013 0.292087
0.064653 0.628629
0.069429 0.628658
0.073140 0.628552
0.060704 0.628810
0.546087 0.483229
0.545177 0.483328
0.545010 0.483353
0.537468 0.484225
0.536558 0.484326
0.536390 0.484350
0.540700 0.483851
0.539790 0.483952
0.539623 0.483976
0.238377 0.618686
0.239535 0.612777
0.239384 0.613542
0.509455 0.487465
0.508546 0.487567
0.508378 0.487589
0.507469 0.487692
0.244358 0.588156
0.244400 0.587936
0.247680 0.571193
0.247831 0.570428
0.247873 0.570208
0.241078 0.604898
0.240928 0.605663
0.240885 0.605883
0.524539 0.485720
0.523629 0.485822
0.523461 0.485845
0.241657 0.601944
0.241506 0.602709
0.241464 0.602928
0.119036 0.980221
0.119068 0.979966
0.172411 0.304578
0.172741 0.305514
0.172749 0.305537
0.172403 0.304555
0.178490 0.321841
0.178820 0.322777
0.150797 0.243198
0.150788 0.243174
0.162279 0.275806
0.162271 0.275783
0.168021 0.292110
0.168350 0.293046
0.239342 0.613762
0.239191 0.614527
0.244551 0.587171
0.244593 0.586951
0.244979 0.584981
0.244937 0.585201
0.244786 0.585966
0.244744 0.586186
0.245172 0.583996
0.245322 0.583231
0.245365 0.583011
0.245130 0.584216
0.482689 0.490559
0.483598 0.490456
0.483766 0.490434
0.248838 0.565284
0.248988 0.564519
0.249031 0.564299
0.482521 0.490580
0.481611 0.490684
0.516997 0.486593
0.516088 0.486695
0.515920 0.486717
0.517165 0.486570
0.518242 0.486446
0.519152 0.486343
0.518074 0.486468
0.119253 0.977808
0.119176 0.978759
0.119145 0.979015
0.178828 0.322801
0.179158 0.323736
0.150459 0.242238
0.150451 0.242215
0.161942 0.274847
0.161933 0.274824
0.168358 0.293069
0.168688 0.294005
0.238420 0.618466
0.238570 0.617701
0.239149 0.614747
0.238998 0.615512
0.488076 0.489936
0.488985 0.489833
0.489153 0.489811
0.491308 0.489562
0.492217 0.489459
0.492385 0.489437
0.507301 0.487714
0.506391 0.487817
0.247638 0.571413
0.247487 0.572178
0.504236 0.488066
0.504068 0.488088
0.503159 0.488191
0.497772 0.488814
0.497604 0.488836
0.496695 0.488939
0.498681 0.488711
0.498850 0.488689
0.245751 0.581042
0.245708 0.581262
0.245558 0.582026
0.245901 0.580277
0.245944 0.580057
0.245515 0.582246
0.248259 0.568238
0.248216 0.568458
0.248066 0.569223
0.248023 0.569443
0.248409 0.567473
0.248452 0.567254
0.486998 0.490060
0.487908 0.489957
0.486830 0.490082
0.485921 0.490185
0.249181 0.563534
0.249224 0.563314
0.179166 0.323760
0.179495 0.324695
0.150121 0.241279
0.150113 0.241256
0.161604 0.273888
0.161596 0.273864
0.168696 0.294028
0.169026 0.294964
0.238613 0.617481
0.238956 0.615732
0.238805 0.616497
0.238763 0.616716
0.494540 0.489188
0.494372 0.489210
0.493463 0.489313
0.493295 0.489334
0.506223 0.487839
0.505314 0.487941
0.505146 0.487963
0.246716 0.576117
0.246866 0.575352
0.246908 0.575132
0.502991 0.488213
0.502082 0.488315
0.501914 0.488337
0.501004 0.488440
0.496527 0.488960
0.495617 0.489063
0.495449 0.489085
0.500836 0.488462
0.499927 0.488565
0.499759 0.488586
0.485753 0.490207
0.484843 0.490310
0.484675 0.490331
0.248602 0.566489
0.248795 0.565504
0.248645 0.566269
0.481443 0.490705
0.480534 0.490808
0.480366 0.490830
0.479457 0.490933
0.479288 0.490954
0.478379 0.491058
0.179504 0.324719
0.179833 0.325654
0.149783 0.240320
0.149775 0.240297
0.161266 0.272929
0.161258 0.272905
0.169034 0.294987
0.169363 0.295923
0.246287 0.578307
0.246137 0.579072
0.246094 0.579292
0.246330 0.578087
0.246673 0.576337
0.246523 0.577102
0.246480 0.577322
0.247059 0.574367
0.247101 0.574148
0.249374 0.562549
0.249417 0.562329
0.478211 0.491079
0.477302 0.491182
0.179841 0.325678
0.180171 0.326613
0.149446 0.239361
0.149437 0.239338
0.160928 0.271970
0.160920 0.271946
0.169372 0.295946
0.169701 0.296882
0.247294 0.573163
0.247252 0.573383
0.247445 0.572398
0.491140 0.489583
0.490230 0.489687
0.490062 0.489708
0.249802 0.560360
0.249760 0.560579
0.249610 0.561344
0.249567 0.561564
0.249953 0.559595
0.249995 0.559375
0.180179 0.326637
0.180509 0.327572
0.149108 0.238402
0.149100 0.238379
0.160591 0.271011
0.160583 0.270987
0.169709 0.296906
0.170039 0.297841
0.250146 0.558610
0.250188 0.558390
0.180517 0.327596
0.180846 0.328532
0.148770 0.237443
0.148762 0.237420
0.160253 0.270052
0.160245 0.270028
0.170047 0.297865
0.170377 0.298800
0.477134 0.491204
0.476224 0.491307
0.476056 0.491328
0.475147 0.491432
0.474979 0.491453
0.474070 0.491556
0.250339 0.557625
0.250381 0.557405
0.180854 0.328555
0.181184 0.329491
0.148432 0.236484
0.148424 0.236461
0.159915 0.269092
0.159907 0.269069
0.170385 0.298824
0.170714 0.299759
0.473902 0.491577
0.472992 0.491681
0.250532 0.556640
0.250574 0.556420
0.181192 0.329514
0.181522 0.330450
0.148095 0.235525
0.148087 0.235502
0.159577 0.268133
0.159569 0.268110
0.170723 0.299783
0.171052 0.300718
0.472824 0.491702
0.471915 0.491806
0.250724 0.555655
0.250767 0.555435
0.181530 0.330473
0.181859 0.331409
0.147749 0.234542
0.147411 0.233583
0.147757 0.234566
0.147069 0.232627
0.159240 0.267174
0.159232 0.267151
0.171060 0.300742
0.171390 0.301678
0.471747 0.491827
0.470838 0.491930
0.250917 0.554670
0.250960 0.554450
0.181868 0.331432
0.182197 0.332368
0.147018 0.232485
0.146727 0.231670
0.158902 0.266215
0.158894 0.266192
0.172073 0.303619
0.172065 0.303596
0.470669 0.491951
0.469760 0.492055
0.251110 0.553685
0.251153 0.553466
0.182205 0.332391
0.182535 0.333327
0.146655 0.231471
0.146385 0.230714
0.158564 0.265256
0.158556 0.265233
0.171398 0.301701
0.171728 0.302637
0.171736 0.302660
0.469592 0.492076
0.468683 0.492179
0.251303 0.552701
0.251346 0.552481
0.182543 0.333350
0.182873 0.334286
0.146313 0.230515
0.146042 0.229757
0.158227 0.264297
0.158218 0.264274
0.468515 0.492201
0.467605 0.492304
0.251496 0.551716
0.251539 0.551496
0.182881 0.334309
0.183210 0.335245
0.145970 0.229559
0.145700 0.228801
0.157889 0.263338
0.157881 0.263315
0.467437 0.492325
0.466528 0.492429
0.251689 0.550731
0.251732 0.550511
0.183219 0.335268
0.183548 0.336204
0.145628 0.228602
0.145357 0.227845
0.157551 0.262379
0.157543 0.262356
0.466360 0.492450
0.465451 0.492553
0.251882 0.549746
0.251925 0.549526
0.183556 0.336228
0.183886 0.337163
0.145285 0.227646
0.145015 0.226888
0.157213 0.261420
0.157205 0.261396
0.465282 0.492574
0.464373 0.492678
0.252075 0.548761
0.252118 0.548541
0.183894 0.337187
0.184224 0.338122
0.184232 0.338146
0.144943 0.226690
0.144672 0.225932
0.156876 0.260461
0.156868 0.260437
0.464205 0.492699
0.463296 0.492803
0.252268 0.547776
0.252311 0.547556
0.144600 0.225733
0.144330 0.224976
0.156538 0.259502
0.156530 0.259478
0.463128 0.492824
0.462218 0.492927
0.252461 0.546791
0.252503 0.546572
0.144258 0.224777
0.143987 0.224019
0.156200 0.258543
0.156192 0.258519
0.462050 0.492948
0.461141 0.493052
0.252654 0.545807
0.252696 0.545587
0.143916 0.223821
0.143645 0.223063
0.155862 0.257584
0.155854 0.257560
0.460973 0.493073
0.460064 0.493177
0.252847 0.544822
0.252889 0.544602
0.143573 0.222864
0.143302 0.222107
0.155525 0.256625
0.155517 0.256601
0.459896 0.493198
0.458986 0.493301
0.253040 0.543837
0.253082 0.543617
0.143231 0.221908
0.142960 0.221150
0.155187 0.255665
0.155179 0.255642
0.458818 0.493322
0.457909 0.493426
0.253233 0.542852
0.253275 0.542632
0.142888 0.220952
0.142618 0.220194
0.154841 0.254683
0.154512 0.253747
0.154849 0.254706
0.457741 0.493447
0.456832 0.493551
0.253426 0.541867
0.253468 0.541647
0.142546 0.219995
0.142275 0.219237
0.456663 0.493571
0.455754 0.493675
0.253618 0.540882
0.253661 0.540662
0.142203 0.219039
0.141933 0.218281
0.455586 0.493696
0.454677 0.493800
0.253811 0.539897
0.253854 0.539678
0.141861 0.218082
0.141590 0.217325
0.454509 0.493821
0.453599 0.493924
0.254004 0.538913
0.254047 0.538693
0.141518 0.217126
0.141248 0.216368
0.453431 0.493945
0.452522 0.494049
0.254197 0.537928
0.254240 0.537708
0.140924 0.215463
0.141176 0.216170
0.452354 0.494070
0.451445 0.494174
0.254390 0.536943
0.254433 0.536723
0.140808 0.215218
0.140764 0.215123
0.451276 0.494195
0.450367 0.494298
0.450199 0.494319
0.254583 0.535958
0.254626 0.535738
0.140366 0.214278
0.140322 0.214183
0.254776 0.534973
0.254819 0.534753
0.139925 0.213338
0.139881 0.213244
0.254969 0.533988
0.255012 0.533768
0.139483 0.212399
0.139439 0.212304
0.255162 0.533003
0.255204 0.532783
0.139041 0.211459
0.138997 0.211365
0.255355 0.532019
0.255397 0.531799
0.138600 0.210520
0.138556 0.210425
0.255548 0.531034
0.255590 0.530814
0.138158 0.209580
0.138114 0.209485
0.137717 0.208640
0.137673 0.208546
0.256430 0.526423
0.257099 0.526277
0.258204 0.526032
0.137275 0.207701
0.137231 0.207606
0.256306 0.527090
0.256120 0.528077
0.255741 0.530049
0.255932 0.529063
0.259157 0.525824
0.260262 0.525579
0.136833 0.206761
0.136789 0.206666
0.261214 0.525371
0.262319 0.525126
0.136392 0.205821
0.136348 0.205727
0.263272 0.524918
0.264376 0.524673
0.135950 0.204882
0.135906 0.204787
0.265329 0.524465
0.266434 0.524221
0.135509 0.203942
0.135465 0.203848
0.267387 0.524012
0.268491 0.523768
0.135067 0.203002
0.135023 0.202908
0.269444 0.523559
0.270549 0.523315
0.134625 0.202063
0.134581 0.201968
0.271501 0.523107
0.272606 0.522862
0.134184 0.201123
0.134140 0.201029
0.273559 0.522654
0.274663 0.522409
0.133742 0.200184
0.133698 0.200089
0.275616 0.522201
0.276721 0.521956
0.277674 0.521748
0.133300 0.199244
0.133256 0.199149
0.132859 0.198304
0.132815 0.198210
0.132417 0.197365
0.132373 0.197270
0.131976 0.196425
0.131932 0.196330
0.131534 0.195485
0.131490 0.195391
0.131092 0.194546
0.131048 0.194451
0.130651 0.193606
0.130607 0.193512
0.130209 0.192667
0.130165 0.192572
0.129767 0.191727
0.129723 0.191632
0.129326 0.190787
0.129282 0.190693
0.128884 0.189848
0.128840 0.189753
0.128443 0.188908
0.128399 0.188813
0.128001 0.187968
0.127957 0.187874
0.127559 0.187029
0.127515 0.186934
0.126676 0.185150
0.127074 0.185995
0.127118 0.186089
