0.821039 0.208185
0.819346 0.209491
0.818397 0.210366
0.822022 0.207187
0.815793 0.212531
0.814151 0.213856
0.813200 0.214691
0.816742 0.211684
0.465123 0.998884
0.464930 0.997838
0.465006 0.997059
0.808027 0.219006
0.808982 0.218182
0.810612 0.216849
0.811566 0.216021
0.508595 0.491770
0.509055 0.492538
0.509115 0.492637
0.802861 0.223318
0.803818 0.222499
0.805444 0.221162
0.806400 0.220341
0.464895 0.996047
0.464929 0.995287
0.492037 0.679971
0.492204 0.679374
0.492506 0.678297
0.463803 0.963744
0.463822 0.964492
0.463864 0.965495
0.463761 0.962741
0.463742 0.961993
0.503284 0.639782
0.502982 0.640859
0.502816 0.641457
0.503451 0.639185
0.503753 0.638108
0.026038 0.491516
0.027516 0.491394
0.029194 0.491288
0.010237 0.492667
0.011722 0.492522
0.013404 0.492434
0.024360 0.491620
0.022882 0.491744
0.008549 0.492744
0.007058 0.492905
0.016566 0.492203
0.018046 0.492072
0.019725 0.491973
0.021203 0.491847
0.014886 0.492298
0.003835 0.493161
0.005355 0.492961
0.002053 0.493150
0.924221 0.489346
0.923737 0.489368
0.926893 0.489140
0.797698 0.227629
0.798656 0.226813
0.800280 0.225474
0.801237 0.224656
0.627177 0.510723
0.624719 0.510901
0.624025 0.510950
0.630543 0.510480
0.628861 0.510602
0.627871 0.510674
0.511132 0.496007
0.511192 0.496106
0.510672 0.495239
0.510613 0.495140
0.510153 0.494372
0.509634 0.493505
0.510093 0.494272
0.509574 0.493405
0.513209 0.499475
0.513268 0.499575
0.512749 0.498708
0.512689 0.498608
0.512230 0.497840
0.512170 0.497741
0.511711 0.496973
0.511651 0.496874
0.520018 0.510848
0.519958 0.510748
0.519499 0.509981
0.519439 0.509881
0.518980 0.509113
0.506978 0.489069
0.506519 0.488302
0.507038 0.489169
0.927379 0.489120
0.930051 0.488911
0.527762 0.552316
0.527653 0.552707
0.528442 0.553157
0.529207 0.554104
0.546172 0.575088
0.545407 0.574140
0.544287 0.572756
0.549942 0.579751
0.549177 0.578803
0.548057 0.577419
0.547292 0.576472
0.555597 0.586745
0.556717 0.588129
0.557482 0.589077
0.516572 0.592298
0.516874 0.591221
0.516406 0.592896
0.522196 0.572204
0.522498 0.571127
0.522029 0.572801
0.523653 0.516918
0.524112 0.517686
0.524172 0.517785
0.498296 0.657605
0.498598 0.656528
0.498129 0.658202
0.499233 0.654256
0.499535 0.653179
0.499067 0.654853
0.498764 0.655930
0.499702 0.652581
0.500004 0.651504
0.464551 0.985507
0.464543 0.984758
0.464605 0.986510
0.464419 0.981255
0.464431 0.982003
0.464481 0.983006
0.464491 0.983755
0.491100 0.683320
0.491266 0.682723
0.491569 0.681646
0.491735 0.681048
0.490798 0.684397
0.490631 0.684995
0.492672 0.677699
0.492974 0.676622
0.463883 0.966243
0.463926 0.967246
0.463700 0.960990
0.463680 0.960242
0.497827 0.659279
0.497661 0.659877
0.497359 0.660954
0.497192 0.661551
0.502513 0.642534
0.502347 0.643131
0.494964 0.084367
0.495124 0.083057
0.495234 0.082104
0.494855 0.085319
0.494695 0.086630
0.399326 0.419901
0.399208 0.419867
0.400384 0.420201
0.030671 0.491168
0.032349 0.491060
0.035503 0.490832
0.033826 0.490941
0.496849 0.068528
0.497009 0.067218
0.497118 0.066265
0.496740 0.069481
0.496579 0.070791
0.406380 0.421904
0.407438 0.422204
0.406263 0.421870
0.493509 0.096633
0.493619 0.095680
0.493349 0.097943
0.499001 0.050426
0.498894 0.051378
0.498732 0.052688
0.498625 0.053641
0.498463 0.054951
0.933212 0.488681
0.933708 0.488673
0.936382 0.488446
0.930539 0.488896
0.939590 0.488196
0.936907 0.488458
0.621566 0.511127
0.620872 0.511177
0.618414 0.511354
0.617720 0.511403
0.631023 0.510447
0.633695 0.510254
0.602651 0.512489
0.601957 0.512538
0.605110 0.512311
0.611415 0.511857
0.608956 0.512035
0.608262 0.512084
0.605804 0.512262
0.598805 0.512765
0.596346 0.512943
0.595652 0.512992
0.599499 0.512716
0.583042 0.513900
0.583736 0.513851
0.586195 0.513673
0.557822 0.515715
0.558516 0.515666
0.560975 0.515488
0.564127 0.515261
0.561669 0.515439
0.555364 0.515893
0.554670 0.515942
0.552211 0.516120
0.551517 0.516169
0.520997 0.512483
0.521056 0.512582
0.520537 0.511715
0.520478 0.511615
0.522614 0.515184
0.523074 0.515951
0.523133 0.516051
0.523593 0.516818
0.542060 0.516850
0.539601 0.517028
0.538908 0.517077
0.518401 0.508147
0.517941 0.507379
0.518460 0.508246
0.518920 0.509014
0.508536 0.491671
0.508076 0.490903
0.477978 0.730207
0.477676 0.731284
0.477510 0.731882
0.463211 0.946985
0.463251 0.947987
0.463190 0.946236
0.530327 0.555488
0.531092 0.556436
0.532977 0.558767
0.532212 0.557820
0.536747 0.563430
0.535982 0.562483
0.534862 0.561099
0.534097 0.560151
0.540517 0.568093
0.539752 0.567146
0.538632 0.565762
0.537867 0.564814
0.526882 0.555458
0.527184 0.554381
0.526715 0.556056
0.527351 0.553784
0.554832 0.585798
0.553712 0.584414
0.543522 0.571809
0.542402 0.570425
0.541637 0.569477
0.523133 0.568855
0.523435 0.567778
0.522966 0.569452
0.522664 0.570529
0.523602 0.567180
0.523904 0.566103
0.524539 0.563831
0.524841 0.562754
0.524372 0.564429
0.524070 0.565506
0.532603 0.517531
0.530144 0.517708
0.529450 0.517758
0.482665 0.713462
0.482362 0.714539
0.482196 0.715136
0.500170 0.650907
0.500472 0.649830
0.490329 0.686072
0.490163 0.686669
0.493141 0.676025
0.493443 0.674948
0.463639 0.959239
0.463619 0.958491
0.464370 0.980252
0.464357 0.979503
0.496890 0.662628
0.496723 0.663226
0.507970 0.623037
0.508137 0.622440
0.508439 0.621363
0.508908 0.619688
0.508606 0.620765
0.509074 0.619091
0.509376 0.618014
0.506096 0.629735
0.506262 0.629138
0.506565 0.628061
0.507033 0.626386
0.506731 0.627463
0.507200 0.625789
0.507502 0.624712
0.507668 0.624114
0.502045 0.644208
0.501878 0.644806
0.503919 0.637510
0.504221 0.636433
0.504690 0.634759
0.504388 0.635836
0.504857 0.634161
0.505159 0.633084
0.511251 0.611315
0.510949 0.612392
0.510782 0.612990
0.514531 0.599594
0.514698 0.598996
0.515000 0.597919
0.514063 0.601268
0.513760 0.602345
0.513594 0.602943
0.514229 0.600671
0.503570 0.011940
0.503753 0.010631
0.503837 0.009671
0.499164 0.049116
0.499271 0.048163
0.037029 0.492364
0.036880 0.492456
0.031037 0.495936
0.025045 0.499509
0.030888 0.496029
0.024895 0.499603
0.019051 0.503082
0.036980 0.490714
0.038658 0.490604
0.398032 0.419533
0.396974 0.419233
0.396856 0.419199
0.398150 0.419567
0.495393 0.080794
0.495503 0.079842
0.395798 0.418899
0.395681 0.418866
0.390978 0.417530
0.391095 0.417564
0.392153 0.417864
0.393329 0.418198
0.392271 0.417898
0.495663 0.078531
0.495772 0.077579
0.492273 0.106994
0.492162 0.107946
0.492004 0.109256
0.407556 0.422237
0.408614 0.422538
0.405204 0.421570
0.405087 0.421536
0.493778 0.094370
0.493888 0.093418
0.386274 0.416195
0.385216 0.415895
0.385099 0.415861
0.383923 0.415527
0.384041 0.415561
0.498194 0.057214
0.498086 0.058167
0.497925 0.059477
0.498355 0.055904
0.389920 0.417230
0.389802 0.417196
0.497278 0.064955
0.497387 0.064002
0.382619 0.414826
0.381106 0.413438
0.381060 0.413396
0.379548 0.412008
0.379502 0.411966
0.499433 0.046853
0.499540 0.045900
0.499702 0.044590
0.499809 0.043637
0.377989 0.410578
0.377943 0.410536
0.914274 0.490052
0.911602 0.490252
0.911120 0.490279
0.796076 0.228969
0.795117 0.229784
0.492432 0.105683
0.492542 0.104731
0.542754 0.516801
0.545213 0.516623
0.612109 0.511808
0.614567 0.511630
0.615261 0.511581
0.592500 0.513219
0.590041 0.513397
0.589347 0.513446
0.593194 0.513170
0.586889 0.513624
0.580584 0.514078
0.579890 0.514127
0.577431 0.514305
0.576737 0.514354
0.567974 0.514985
0.570432 0.514808
0.567280 0.515034
0.564821 0.515212
0.514247 0.501210
0.513788 0.500442
0.514307 0.501309
0.513728 0.500342
0.517882 0.507280
0.517422 0.506512
0.517362 0.506413
0.516903 0.505645
0.662067 0.508211
0.659395 0.508404
0.658915 0.508438
0.662548 0.508177
0.665220 0.507984
0.521576 0.513449
0.522035 0.514217
0.522095 0.514316
0.522554 0.515084
0.521516 0.513350
0.536449 0.517255
0.535755 0.517304
0.533296 0.517482
0.737727 0.502764
0.735055 0.502958
0.734574 0.502991
0.507557 0.490036
0.508017 0.490804
0.507497 0.489937
0.914756 0.490025
0.917428 0.489824
0.470012 0.758674
0.469709 0.759751
0.469543 0.760349
0.460827 0.878713
0.460803 0.877963
0.460864 0.879713
0.470178 0.758077
0.470480 0.757000
0.460681 0.874461
0.460705 0.875212
0.460742 0.876212
0.460766 0.876962
0.460751 0.817932
0.460862 0.815915
0.460980 0.813886
0.460031 0.854111
0.460004 0.852309
0.459983 0.850495
0.460647 0.819938
0.462371 0.795119
0.462188 0.797250
0.462011 0.799369
0.460380 0.825888
0.460462 0.823916
0.460551 0.821933
0.460306 0.827849
0.460239 0.829799
0.460179 0.831737
0.461105 0.811846
0.461238 0.809795
0.461680 0.803573
0.461525 0.805659
0.461378 0.807732
0.461842 0.801477
0.460082 0.835579
0.460044 0.837483
0.460013 0.839376
0.459970 0.848670
0.459990 0.841258
0.460252 0.862207
0.460216 0.861207
0.462541 0.793215
0.460127 0.833664
0.459974 0.843128
0.459964 0.846834
0.459965 0.844987
0.460066 0.855902
0.460109 0.857682
0.460159 0.859450
0.477041 0.733556
0.476739 0.734633
0.476573 0.735231
0.477207 0.732959
0.461660 0.902471
0.461683 0.903221
0.461721 0.904221
0.478447 0.728533
0.478145 0.729609
0.478613 0.727935
0.478916 0.726858
0.462027 0.912974
0.461989 0.911974
0.461966 0.911224
0.479082 0.726260
0.479384 0.725183
0.479551 0.724586
0.479853 0.723509
0.480790 0.720160
0.480956 0.719562
0.481259 0.718485
0.461622 0.901471
0.461598 0.900720
0.476104 0.736905
0.476270 0.736308
0.461415 0.895468
0.461377 0.894468
0.461354 0.893718
0.474229 0.743603
0.474396 0.743006
0.474698 0.741929
0.474864 0.741331
0.475167 0.740254
0.463333 0.950485
0.463312 0.949738
0.463374 0.951488
0.463272 0.948735
0.483768 0.709515
0.483602 0.710113
0.484071 0.708438
0.484237 0.707841
0.484539 0.706764
0.462761 0.933982
0.462722 0.932982
0.462700 0.932231
0.462417 0.924229
0.462394 0.923478
0.462455 0.925229
0.525008 0.562157
0.525310 0.561080
0.526413 0.557133
0.526247 0.557730
0.552947 0.583466
0.551827 0.582082
0.551062 0.581135
0.517812 0.587872
0.517509 0.588949
0.517343 0.589547
0.517041 0.590624
0.517978 0.587275
0.518280 0.586197
0.521561 0.574476
0.521259 0.575553
0.521092 0.576150
0.521727 0.573878
0.520623 0.577825
0.520321 0.578902
0.520155 0.579499
0.520790 0.577227
0.519217 0.582848
0.518915 0.583925
0.518749 0.584523
0.518447 0.585600
0.519384 0.582251
0.519686 0.581174
0.519853 0.580576
0.511417 0.610718
0.511719 0.609641
0.512188 0.607966
0.511886 0.609043
0.526991 0.517935
0.526298 0.517985
0.524374 0.518124
0.482831 0.712864
0.483133 0.711787
0.483300 0.711190
0.481727 0.716811
0.481894 0.716213
0.481425 0.717888
0.462356 0.922478
0.462333 0.921727
0.464788 0.992522
0.464795 0.991770
0.464860 0.993527
0.464730 0.990766
0.464731 0.990016
0.464844 0.994281
0.464611 0.987259
0.464668 0.988263
0.464671 0.989012
0.489860 0.687746
0.489694 0.688344
0.493609 0.674350
0.493912 0.673273
0.463944 0.967994
0.463987 0.968997
0.464049 0.970748
0.464005 0.969745
0.463578 0.957489
0.463558 0.956741
0.464233 0.976001
0.464249 0.976749
0.464295 0.977752
0.464309 0.978500
0.496255 0.664900
0.495953 0.665977
0.495786 0.666575
0.496421 0.664303
0.464188 0.974998
0.464172 0.974250
0.509543 0.617416
0.509845 0.616339
0.501576 0.645883
0.501410 0.646481
0.505325 0.632487
0.505627 0.631410
0.505794 0.630812
0.516104 0.593973
0.515937 0.594570
0.513292 0.604020
0.513125 0.604617
0.484706 0.706166
0.485008 0.705089
0.486414 0.700065
0.486111 0.701142
0.485945 0.701740
0.501050 0.033275
0.500885 0.034584
0.501154 0.032321
0.501859 0.026485
0.501692 0.027794
0.501960 0.025531
0.502669 0.019693
0.502766 0.018738
0.502498 0.021003
0.018896 0.503182
0.013051 0.506658
0.012864 0.506788
0.040184 0.490484
0.040134 0.490487
0.496041 0.075316
0.496201 0.074006
0.496310 0.073053
0.394505 0.418532
0.393447 0.418231
0.496470 0.071743
0.495932 0.076269
0.394623 0.418565
0.412141 0.423539
0.411083 0.423239
0.410966 0.423205
0.404029 0.421236
0.403911 0.421202
0.494047 0.092107
0.494157 0.091155
0.488235 0.140933
0.488124 0.141885
0.487966 0.143196
0.388626 0.416863
0.387568 0.416562
0.387450 0.416529
0.388744 0.416896
0.386392 0.416228
0.497548 0.062692
0.497656 0.061740
0.497817 0.060430
0.373268 0.406246
0.371755 0.404858
0.371709 0.404816
0.370197 0.403428
0.370151 0.403386
0.500511 0.037801
0.500616 0.036848
0.500347 0.039111
0.500780 0.035538
0.376385 0.409106
0.374872 0.407718
0.374826 0.407676
0.376431 0.409148
0.499972 0.042327
0.500078 0.041374
0.373314 0.406288
0.500241 0.040064
0.771895 0.249179
0.772857 0.248367
0.774475 0.247024
0.770277 0.250522
0.769316 0.251333
0.764156 0.255643
0.762539 0.256987
0.761576 0.257798
0.689350 0.318127
0.687734 0.319474
0.686770 0.320282
0.490389 0.122832
0.490547 0.121522
0.490658 0.120569
0.492701 0.103421
0.492811 0.102468
0.549059 0.516347
0.548365 0.516396
0.545906 0.516574
0.709355 0.504807
0.709835 0.504773
0.712507 0.504580
0.715659 0.504353
0.712987 0.504546
0.684615 0.506589
0.687287 0.506395
0.684135 0.506622
0.574279 0.514531
0.573585 0.514581
0.571126 0.514758
0.514766 0.502077
0.514826 0.502176
0.516384 0.504778
0.516843 0.505545
0.516324 0.504678
0.515864 0.503911
0.656243 0.508631
0.655762 0.508665
0.703050 0.505261
0.703530 0.505227
0.706202 0.505034
0.706683 0.505000
0.700378 0.505454
0.699897 0.505488
0.917911 0.489799
0.920582 0.489596
0.921065 0.489572
0.460888 0.880464
0.460925 0.881464
0.470647 0.756402
0.470949 0.755325
0.467669 0.767047
0.467366 0.768124
0.467200 0.768721
0.460436 0.867459
0.460399 0.866459
0.460375 0.865709
0.460460 0.868210
0.460497 0.869210
0.467835 0.766449
0.468137 0.765372
0.466731 0.770396
0.466429 0.771473
0.466263 0.772070
0.460277 0.862958
0.460314 0.863958
0.460338 0.864708
0.466898 0.769798
0.462951 0.788684
0.462753 0.790837
0.463157 0.786519
0.462562 0.792979
0.463590 0.782157
0.463370 0.784344
0.465960 0.773147
0.465496 0.774819
0.465037 0.776485
0.464585 0.778146
0.464139 0.779802
0.463699 0.781453
0.463639 0.781680
0.469241 0.761426
0.469075 0.762023
0.460619 0.872711
0.460582 0.871711
0.460558 0.870960
0.460644 0.873461
0.460521 0.869960
0.468303 0.764775
0.468606 0.763698
0.468772 0.763100
0.461744 0.904972
0.461782 0.905972
0.461843 0.907723
0.461805 0.906722
0.461867 0.908473
0.461904 0.909473
0.461928 0.910224
0.462210 0.918226
0.462233 0.918977
0.462272 0.919977
0.462295 0.920727
0.461537 0.898970
0.461500 0.897969
0.461476 0.897219
0.461561 0.899720
0.461439 0.896219
0.475333 0.739657
0.475635 0.738580
0.475802 0.737982
0.462783 0.934732
0.462822 0.935732
0.462884 0.937483
0.462845 0.936483
0.462906 0.938234
0.462945 0.939234
0.488288 0.693367
0.487986 0.694444
0.487820 0.695042
0.463150 0.945236
0.463129 0.944486
0.488455 0.692770
0.488757 0.691693
0.463089 0.943485
0.463067 0.942735
0.487351 0.696716
0.487049 0.697793
0.486882 0.698391
0.487517 0.696119
0.463028 0.941735
0.463006 0.940984
0.462967 0.939984
0.486580 0.699468
0.462578 0.928730
0.462600 0.929480
0.462639 0.930480
0.462661 0.931231
0.462478 0.925979
0.462516 0.926979
0.462539 0.927730
0.525476 0.560482
0.525778 0.559405
0.525945 0.558808
0.559367 0.591408
0.560487 0.592792
0.561252 0.593740
0.558602 0.590461
0.562372 0.595124
0.563137 0.596071
0.728269 0.503445
0.728750 0.503412
0.731422 0.503218
0.731902 0.503185
0.488923 0.691095
0.489225 0.690018
0.489392 0.689421
0.494078 0.672675
0.494380 0.671598
0.464127 0.973247
0.464110 0.972499
0.464066 0.971496
0.463517 0.955738
0.463496 0.954990
0.510011 0.615742
0.510314 0.614664
0.510480 0.614067
0.500639 0.649232
0.500941 0.648155
0.501108 0.647558
0.515635 0.595647
0.515468 0.596245
0.515166 0.597322
0.512355 0.607369
0.512657 0.606292
0.512823 0.605694
0.485174 0.704492
0.485476 0.703415
0.485643 0.702817
0.501319 0.031012
0.501423 0.030058
0.501589 0.028748
0.363917 0.397666
0.362404 0.396278
0.362358 0.396236
0.502129 0.024221
0.502229 0.023267
0.502399 0.021957
0.363963 0.397708
0.365475 0.399096
0.367034 0.400526
0.365521 0.399138
0.504304 0.006086
0.504365 0.005114
0.504103 0.007398
0.504027 0.008361
0.503035 0.016473
0.503210 0.015164
0.503303 0.014207
0.502939 0.017429
0.503481 0.012898
0.491465 0.113782
0.491624 0.112471
0.491734 0.111519
0.491893 0.110209
0.412259 0.423573
0.413317 0.423873
0.414493 0.424207
0.413435 0.423907
0.414611 0.424241
0.415669 0.424541
0.408732 0.422571
0.409790 0.422872
0.409908 0.422905
0.490278 0.123784
0.490119 0.125095
0.415786 0.424574
0.416844 0.424875
0.490816 0.119259
0.490927 0.118307
0.416962 0.424908
0.418020 0.425208
0.491355 0.114734
0.491196 0.116044
0.491085 0.116997
0.402735 0.420869
0.401677 0.420568
0.401559 0.420535
0.402853 0.420902
0.400501 0.420234
0.494316 0.089845
0.494426 0.088892
0.494586 0.087582
0.427544 0.427913
0.428602 0.428213
0.427426 0.427879
0.428720 0.428247
0.429778 0.428547
0.488393 0.139623
0.488504 0.138670
0.488662 0.137360
0.488774 0.136408
0.426251 0.427545
0.425193 0.427245
0.425075 0.427211
0.426368 0.427579
0.488932 0.135098
0.489043 0.134145
0.489312 0.131883
0.489201 0.132835
0.578435 0.410775
0.576820 0.412122
0.575856 0.412929
0.579400 0.409967
0.581015 0.408620
0.591332 0.400002
0.592297 0.399194
0.593912 0.397847
0.596491 0.395692
0.594876 0.397040
0.597456 0.394885
0.599071 0.393538
0.544903 0.438784
0.545868 0.437977
0.547483 0.436630
0.550062 0.434475
0.548447 0.435822
0.543289 0.440132
0.542324 0.440939
0.561344 0.425049
0.562959 0.423702
0.560380 0.425857
0.570697 0.417238
0.569082 0.418586
0.568118 0.419393
0.558765 0.427204
0.557800 0.428011
0.556185 0.429359
0.555221 0.430166
0.908449 0.490478
0.907967 0.490506
0.905295 0.490705
0.904814 0.490734
0.793496 0.231125
0.792536 0.231940
0.775437 0.246212
0.777055 0.244869
0.779635 0.242714
0.778016 0.244057
0.765118 0.254832
0.766736 0.253488
0.767698 0.252677
0.756417 0.262107
0.757379 0.261297
0.758997 0.259952
0.759959 0.259142
0.753837 0.264262
0.752220 0.265607
0.751258 0.266416
0.754800 0.263452
0.749641 0.267761
0.748678 0.268571
0.722883 0.290117
0.721267 0.291463
0.720303 0.292272
0.710949 0.300082
0.712565 0.298736
0.709986 0.300890
0.713528 0.297927
0.715144 0.296581
0.685155 0.321628
0.684191 0.322437
0.418138 0.425242
0.419196 0.425542
0.420372 0.425876
0.419314 0.425576
0.493239 0.098895
0.493080 0.100206
0.492970 0.101158
0.671525 0.507530
0.668853 0.507723
0.668372 0.507757
0.665700 0.507950
0.677830 0.507076
0.678310 0.507043
0.680982 0.506849
0.681463 0.506816
0.675158 0.507269
0.674677 0.507303
0.672005 0.507496
0.515345 0.503043
0.515805 0.503811
0.515285 0.502944
0.653090 0.508858
0.652610 0.508892
0.697225 0.505681
0.696745 0.505715
0.716140 0.504319
0.718812 0.504126
0.721964 0.503899
0.719292 0.504092
0.722445 0.503865
0.725117 0.503672
0.725597 0.503639
0.378706 0.876749
0.374771 0.881161
0.379047 0.876373
0.382983 0.871962
0.383324 0.871586
0.374429 0.881537
0.370494 0.885948
0.387600 0.866799
0.391536 0.862389
0.391876 0.862013
0.353027 0.905486
0.353382 0.905108
0.349099 0.909905
0.395812 0.857603
0.396152 0.857226
0.357313 0.900692
0.357662 0.900315
0.366217 0.890736
0.370151 0.886324
0.434634 0.814149
0.438571 0.809740
0.438910 0.809363
0.412916 0.838457
0.408980 0.842867
0.413255 0.838080
0.461316 0.892718
0.387259 0.867176
0.361940 0.895525
0.361594 0.895901
0.417192 0.833671
0.417531 0.833294
0.404704 0.847653
0.404364 0.848030
0.400428 0.852440
0.447123 0.800167
0.443186 0.804576
0.447461 0.799790
0.460949 0.882214
0.462172 0.917226
0.461133 0.887466
0.461170 0.888466
0.461194 0.889217
0.365873 0.891112
0.430358 0.818935
0.434295 0.814526
0.408640 0.843243
0.421807 0.828508
0.425744 0.824098
0.426083 0.823721
0.451398 0.795381
0.451737 0.795004
0.461011 0.883965
0.460987 0.883214
0.462050 0.913725
0.461109 0.886716
0.461072 0.885715
0.421468 0.828884
0.442847 0.804953
0.456013 0.790218
0.459950 0.785809
0.460288 0.785432
0.461048 0.884965
0.400088 0.852816
0.455674 0.790595
0.430019 0.819312
0.344806 0.914719
0.344342 0.915167
0.348728 0.910291
0.461255 0.890967
0.461292 0.891967
0.461231 0.890217
0.473458 0.746355
0.473761 0.745278
0.473292 0.746952
0.473927 0.744680
0.462111 0.915475
0.462149 0.916476
0.462088 0.914725
0.480019 0.722911
0.480322 0.721834
0.480488 0.721237
0.570677 0.605397
0.569912 0.604450
0.568792 0.603066
0.566907 0.600734
0.568027 0.602118
0.571797 0.606781
0.572562 0.607729
0.494547 0.671001
0.494849 0.669924
0.463394 0.952236
0.463435 0.953239
0.463456 0.953987
0.367080 0.400568
0.368592 0.401956
0.368638 0.401998
0.504919 0.001443
0.504615 0.002797
0.504590 0.003797
0.360846 0.394848
0.360801 0.394808
0.383142 0.415305
0.382665 0.414868
0.490009 0.126047
0.489850 0.127357
0.420489 0.425910
0.421547 0.426210
0.431071 0.428914
0.432129 0.429214
0.430954 0.428881
0.429896 0.428580
0.432247 0.429248
0.433305 0.429548
0.487697 0.145458
0.487586 0.146411
0.487428 0.147721
0.487855 0.144148
0.571662 0.416431
0.573277 0.415084
0.574241 0.414276
0.581979 0.407813
0.583594 0.406465
0.540709 0.442286
0.539745 0.443093
0.563924 0.422895
0.565539 0.421547
0.566503 0.420740
0.551027 0.433668
0.552642 0.432320
0.553606 0.431513
0.902142 0.490932
0.901661 0.490961
0.787376 0.236250
0.788336 0.235436
0.789956 0.234095
0.790916 0.233281
0.785756 0.237592
0.784795 0.238405
0.780596 0.241902
0.782215 0.240559
0.783176 0.239747
0.728042 0.285808
0.729005 0.284999
0.730621 0.283654
0.733201 0.281499
0.731585 0.282845
0.723846 0.289309
0.725462 0.287963
0.726426 0.287154
0.716108 0.295773
0.717724 0.294427
0.718687 0.293618
0.697088 0.311664
0.695472 0.313010
0.694509 0.313818
0.699668 0.309509
0.698052 0.310855
0.704827 0.305200
0.705790 0.304391
0.707406 0.303045
0.708370 0.302237
0.649938 0.509085
0.649458 0.509119
0.694073 0.505908
0.693592 0.505942
0.471886 0.751976
0.471584 0.753053
0.471418 0.753651
0.471115 0.754727
0.472824 0.748627
0.472521 0.749704
0.472355 0.750301
0.472990 0.748029
0.472053 0.751378
0.566142 0.599787
0.565022 0.598403
0.564257 0.597455
0.495015 0.669326
0.495318 0.668249
0.495484 0.667652
0.331190 0.367638
0.329676 0.366249
0.329632 0.366208
0.328073 0.364779
0.328117 0.364819
0.359243 0.393378
0.357729 0.391989
0.357684 0.391948
0.309371 0.347619
0.307857 0.346230
0.307813 0.346189
0.098973 0.154572
0.099016 0.154615
0.100532 0.156002
0.194042 0.241802
0.192528 0.240413
0.192484 0.240372
0.142612 0.194613
0.141097 0.193224
0.141053 0.193183
0.261058 0.303290
0.259543 0.301901
0.259499 0.301860
0.267292 0.309010
0.265777 0.307621
0.265733 0.307580
0.247031 0.290420
0.245517 0.289031
0.245473 0.288991
0.250148 0.293280
0.248634 0.291891
0.248590 0.291850
0.356170 0.390559
0.356126 0.390518
0.359287 0.393418
0.351450 0.386228
0.349936 0.384839
0.349892 0.384798
0.345261 0.380549
0.345216 0.380508
0.346775 0.381938
0.326559 0.363389
0.326515 0.363349
0.320325 0.357669
0.321839 0.359059
0.320281 0.357629
0.306298 0.344800
0.306254 0.344759
0.097414 0.153141
0.095898 0.151754
0.095856 0.151711
0.108325 0.163153
0.106810 0.161765
0.106766 0.161723
0.119234 0.173163
0.117720 0.171774
0.117676 0.171733
0.122351 0.176023
0.120837 0.174634
0.120793 0.174593
0.113000 0.167443
0.111485 0.166055
0.111442 0.166013
0.214303 0.260391
0.212788 0.259002
0.212744 0.258961
0.209627 0.256101
0.208113 0.254712
0.208069 0.254671
0.176899 0.226072
0.176943 0.226113
0.178457 0.227502
0.186250 0.234652
0.186294 0.234693
0.187808 0.236082
0.183133 0.231792
0.181618 0.230403
0.181574 0.230362
0.165989 0.216062
0.166033 0.216103
0.167548 0.217492
0.131702 0.184603
0.130188 0.183214
0.130144 0.183173
0.257985 0.300471
0.257941 0.300430
0.262616 0.304720
0.262660 0.304761
0.264175 0.306150
0.270453 0.311911
0.271967 0.313300
0.270409 0.311870
0.278201 0.319020
0.276687 0.317631
0.276643 0.317590
0.243958 0.287601
0.243914 0.287561
0.234563 0.278981
0.233049 0.277592
0.233005 0.277551
0.242356 0.286131
0.240841 0.284741
0.240797 0.284701
0.229888 0.274691
0.229932 0.274732
0.231446 0.276121
0.354612 0.389129
0.354567 0.389088
0.348378 0.383409
0.348333 0.383368
0.342099 0.377648
0.340585 0.376259
0.340541 0.376218
0.343702 0.379119
0.343658 0.379078
0.318766 0.356240
0.318722 0.356199
0.323398 0.360489
0.323442 0.360529
0.324956 0.361919
0.317164 0.354769
0.315649 0.353380
0.315605 0.353339
0.304696 0.343329
0.303181 0.341940
0.303137 0.341899
0.298462 0.337609
0.298506 0.337650
0.300020 0.339039
0.295345 0.334749
0.295389 0.334790
0.296903 0.336179
0.097457 0.153184
0.102090 0.157432
0.102134 0.157475
0.103649 0.158863
0.122395 0.176064
0.123910 0.177453
0.114602 0.168914
0.116117 0.170303
0.114559 0.168873
0.203393 0.250382
0.201879 0.248992
0.201835 0.248952
0.198718 0.246092
0.197203 0.244703
0.197159 0.244662
0.218978 0.264681
0.217464 0.263292
0.217420 0.263251
0.214347 0.260432
0.215861 0.261821
0.209671 0.256142
0.211186 0.257531
0.195601 0.243232
0.194086 0.241843
0.180016 0.228932
0.178501 0.227543
0.183177 0.231833
0.184691 0.233222
0.169106 0.218922
0.167592 0.217533
0.158197 0.208913
0.156682 0.207524
0.156638 0.207483
0.153521 0.204623
0.152007 0.203234
0.151963 0.203193
0.144170 0.196043
0.142656 0.194654
0.139495 0.191753
0.137980 0.190364
0.137936 0.190323
0.128585 0.181743
0.128629 0.181784
0.127027 0.180313
0.125512 0.178924
0.125468 0.178883
0.136378 0.188893
0.134863 0.187504
0.134819 0.187463
0.261102 0.303331
0.268850 0.310440
0.268894 0.310481
0.273526 0.314730
0.273570 0.314771
0.275084 0.316160
0.278245 0.319061
0.279760 0.320450
0.247075 0.290461
0.251707 0.294710
0.251751 0.294751
0.253265 0.296140
0.254824 0.297570
0.254868 0.297611
0.256382 0.299000
0.236122 0.280411
0.236166 0.280452
0.237680 0.281841
0.239239 0.283271
0.239283 0.283312
0.228373 0.273302
0.228329 0.273261
0.223654 0.268971
0.222139 0.267582
0.222095 0.267541
0.353053 0.387699
0.353009 0.387658
0.339027 0.374829
0.338983 0.374788
0.337424 0.373358
0.335910 0.371969
0.335866 0.371928
0.321883 0.359099
0.314047 0.351909
0.314091 0.351950
0.310930 0.349049
0.310974 0.349090
0.312488 0.350479
0.304740 0.343370
0.301579 0.340469
0.300064 0.339080
0.293786 0.333319
0.292272 0.331930
0.292228 0.331889
0.287552 0.327600
0.286038 0.326210
0.285994 0.326170
0.105207 0.160293
0.103692 0.158905
0.109883 0.164583
0.108368 0.163195
0.119278 0.173204
0.113044 0.167484
0.198762 0.246133
0.200276 0.247522
0.204952 0.251812
0.204996 0.251852
0.206510 0.253241
0.190925 0.238942
0.189411 0.237553
0.189367 0.237512
0.184735 0.233263
0.175340 0.224642
0.173826 0.223253
0.173782 0.223212
0.172223 0.221782
0.170709 0.220393
0.170665 0.220352
0.155124 0.206094
0.155080 0.206053
0.147287 0.198903
0.145773 0.197514
0.145729 0.197473
0.148890 0.200374
0.150404 0.201763
0.148846 0.200333
0.139539 0.191794
0.127071 0.180354
0.133261 0.186033
0.133305 0.186074
0.267336 0.309051
0.275128 0.316201
0.253309 0.296181
0.237724 0.281882
0.226771 0.271831
0.225256 0.270442
0.225212 0.270401
0.231490 0.276162
0.220537 0.266111
0.220581 0.266152
0.346819 0.381979
0.337468 0.373399
0.325000 0.361959
0.312532 0.350520
0.296947 0.336220
0.290669 0.330459
0.289155 0.329070
0.289111 0.329029
0.282877 0.323310
0.281362 0.321920
0.281318 0.321880
0.284435 0.324740
0.284479 0.324780
0.094297 0.150279
0.094339 0.150324
0.105251 0.160335
0.116161 0.170344
0.200320 0.247562
0.206554 0.253282
0.215905 0.261862
0.190969 0.238983
0.175384 0.224683
0.153565 0.204664
0.159755 0.210343
0.159799 0.210383
0.161314 0.211772
0.164431 0.214632
0.162916 0.213243
0.162872 0.213202
0.147331 0.198944
0.131746 0.184644
0.264219 0.306191
0.250192 0.293321
0.234607 0.279022
0.223698 0.269012
0.342144 0.377689
0.309415 0.347660
0.290713 0.330500
0.282921 0.323350
0.100575 0.156045
0.203437 0.250422
0.187852 0.236123
0.169150 0.218963
0.161358 0.211813
0.123954 0.177494
0.144214 0.196084
0.256426 0.299041
0.219022 0.264722
0.351495 0.386269
0.317208 0.354810
0.293830 0.333360
0.279804 0.320490
0.195645 0.243273
0.172267 0.221823
0.158241 0.208954
0.136422 0.188934
0.226815 0.271872
0.287596 0.327640
0.109927 0.164625
0.092737 0.148847
0.091218 0.147463
0.091176 0.147409
0.164475 0.214673
0.242400 0.286171
0.301623 0.340510
0.092779 0.148894
0.180060 0.228973
0.272011 0.313341
0.334351 0.370539
0.334307 0.370498
0.150448 0.201804
0.211230 0.257572
0.089651 0.146031
0.331234 0.367679
0.332749 0.369068
0.332793 0.369109
0.452117 0.434890
0.451059 0.434589
0.450942 0.434556
0.483009 0.184875
0.483121 0.183923
0.482851 0.186185
0.483278 0.182612
0.483390 0.181660
0.449884 0.434256
0.449766 0.434222
0.458355 0.392082
0.458243 0.393030
0.458085 0.394344
0.482044 0.192973
0.482201 0.191663
0.482313 0.190711
0.424017 0.426911
0.423899 0.426878
0.489470 0.130572
0.489581 0.129620
0.489739 0.128310
0.421665 0.426244
0.422723 0.426544
0.422841 0.426577
0.480048 0.209764
0.479890 0.211074
0.480160 0.208811
0.456089 0.411131
0.456201 0.410182
0.455932 0.412445
0.478814 0.220124
0.478971 0.218814
0.479083 0.217862
0.457166 0.402081
0.457009 0.403395
0.457278 0.401132
0.477199 0.233700
0.477356 0.232390
0.477468 0.231437
0.477625 0.230127
0.477737 0.229175
0.458512 0.390768
0.458624 0.389819
0.458781 0.388505
0.458893 0.387556
0.476929 0.235963
0.477087 0.234652
0.478702 0.221077
0.478544 0.222387
0.477894 0.227864
0.478006 0.226912
0.589717 0.401349
0.588753 0.402156
0.538130 0.444441
0.537165 0.445248
0.882744 0.492324
0.883225 0.492293
0.885896 0.492096
0.886377 0.492066
0.889049 0.491869
0.501054 0.475412
0.502019 0.474605
0.503633 0.473257
0.747061 0.269916
0.746099 0.270726
0.740940 0.275035
0.739323 0.276380
0.738360 0.277190
0.700631 0.308701
0.702247 0.307354
0.703211 0.306546
0.690314 0.317319
0.691929 0.315973
0.692893 0.315165
0.682575 0.323783
0.681612 0.324591
0.646786 0.509312
0.646305 0.509346
0.687768 0.506362
0.690440 0.506169
0.690920 0.506135
0.573682 0.609113
0.574447 0.610060
0.169479 0.462145
0.170656 0.461885
0.168480 0.462362
0.167304 0.462622
0.166305 0.462839
0.171654 0.461668
0.172831 0.461408
0.175006 0.460932
0.173829 0.461191
0.204279 0.454516
0.205456 0.454256
0.203281 0.454733
0.180354 0.459761
0.181531 0.459501
0.179356 0.459978
0.202104 0.454993
0.201106 0.455210
0.161955 0.463792
0.162954 0.463575
0.164130 0.463315
0.157605 0.464746
0.158604 0.464529
0.159780 0.464269
0.129330 0.470944
0.128153 0.471204
0.127155 0.471421
0.281581 0.437569
0.280404 0.437828
0.279406 0.438045
0.072778 0.483340
0.071602 0.483602
0.070603 0.483817
0.084653 0.480741
0.085829 0.480480
0.083654 0.480956
0.091178 0.479311
0.090179 0.479526
0.092354 0.479049
0.105404 0.476189
0.104228 0.476449
0.103229 0.476665
0.096704 0.478096
0.095528 0.478357
0.094529 0.478573
0.177181 0.460455
0.178179 0.460238
0.185881 0.458548
0.184704 0.458807
0.183706 0.459024
0.199929 0.455469
0.198931 0.455687
0.139029 0.468820
0.140205 0.468560
0.138030 0.469037
0.155430 0.465223
0.156429 0.465006
0.130329 0.470728
0.131505 0.470467
0.220681 0.450919
0.219504 0.451178
0.218506 0.451396
0.215154 0.452132
0.216331 0.451872
0.214156 0.452349
0.382629 0.415418
0.381631 0.415636
0.290281 0.435661
0.289104 0.435921
0.288106 0.436138
0.277231 0.438522
0.276054 0.438781
0.275056 0.438999
0.073777 0.483125
0.074953 0.482864
0.079304 0.481910
0.078127 0.482172
0.077128 0.482387
0.082478 0.481218
0.081479 0.481433
0.089003 0.479787
0.088004 0.480003
0.051026 0.488108
0.049851 0.488372
0.048851 0.488585
0.054201 0.487418
0.055377 0.487154
0.053202 0.487631
0.061902 0.485724
0.060726 0.485987
0.059727 0.486201
0.109755 0.475235
0.108578 0.475496
0.107580 0.475712
0.098879 0.477619
0.099878 0.477403
0.101054 0.477142
0.182529 0.459284
0.197754 0.455946
0.196756 0.456164
0.194581 0.456640
0.193404 0.456900
0.192406 0.457117
0.136854 0.469297
0.135855 0.469514
0.144555 0.467607
0.143379 0.467867
0.142380 0.468083
0.160779 0.464052
0.153255 0.465699
0.152079 0.465959
0.151080 0.466176
0.148905 0.466653
0.147729 0.466913
0.146730 0.467130
0.132504 0.470251
0.133680 0.469990
0.118455 0.473328
0.117278 0.473588
0.116280 0.473805
0.114105 0.474282
0.112928 0.474542
0.111930 0.474758
0.123803 0.472158
0.124980 0.471898
0.122805 0.472374
0.227206 0.449488
0.226029 0.449748
0.225031 0.449965
0.235906 0.447581
0.234729 0.447841
0.233731 0.448058
0.221679 0.450701
0.222856 0.450442
0.212979 0.452609
0.211981 0.452826
0.209806 0.453303
0.208629 0.453562
0.207631 0.453780
0.259831 0.442337
0.258654 0.442596
0.257656 0.442813
0.266356 0.440906
0.265179 0.441165
0.264181 0.441383
0.380454 0.415895
0.379456 0.416113
0.305506 0.432324
0.304329 0.432583
0.303331 0.432801
0.301156 0.433278
0.299979 0.433537
0.298981 0.433754
0.285931 0.436615
0.286929 0.436397
0.283756 0.437092
0.282579 0.437351
0.342481 0.424218
0.341304 0.424477
0.340306 0.424695
0.320731 0.428986
0.319554 0.429245
0.318556 0.429463
0.075952 0.482649
0.086828 0.480264
0.052026 0.487895
0.058551 0.486464
0.057552 0.486678
0.068428 0.484294
0.067252 0.484556
0.066253 0.484771
0.106403 0.475973
0.097703 0.477880
0.176004 0.460714
0.195579 0.456423
0.190231 0.457594
0.189054 0.457854
0.188056 0.458071
0.141204 0.468343
0.149904 0.466436
0.134679 0.469774
0.115103 0.474065
0.121628 0.472635
0.120630 0.472851
0.041150 0.490280
0.042325 0.490015
0.044501 0.489538
0.045500 0.489325
0.046676 0.489061
0.229381 0.449012
0.230379 0.448794
0.231556 0.448535
0.236904 0.447364
0.238081 0.447105
0.242431 0.446151
0.243429 0.445933
0.244606 0.445674
0.246781 0.445197
0.247779 0.444980
0.248956 0.444721
0.210804 0.453085
0.253306 0.443767
0.254304 0.443549
0.255481 0.443290
0.262006 0.441860
0.260829 0.442119
0.378279 0.416372
0.377281 0.416590
0.296806 0.434231
0.297804 0.434013
0.278229 0.438305
0.294631 0.434708
0.293454 0.434967
0.292456 0.435185
0.309856 0.431370
0.310854 0.431152
0.312031 0.430894
0.338131 0.425172
0.336954 0.425431
0.335956 0.425649
0.331606 0.426602
0.332604 0.426384
0.333781 0.426126
0.316381 0.429940
0.315204 0.430199
0.314206 0.430417
0.080302 0.481695
0.056376 0.486941
0.065077 0.485033
0.064078 0.485247
0.102053 0.476926
0.191229 0.457377
0.154254 0.465483
0.119453 0.473112
0.232554 0.448317
0.241254 0.446410
0.240256 0.446628
0.251131 0.444244
0.249954 0.444503
0.223854 0.450225
0.256479 0.443073
0.268531 0.440429
0.267354 0.440689
0.272881 0.439476
0.271704 0.439735
0.270706 0.439953
0.376104 0.416848
0.375106 0.417066
0.372931 0.417543
0.371754 0.417802
0.370756 0.418020
0.364231 0.419450
0.363054 0.419709
0.362056 0.419927
0.354354 0.421616
0.355531 0.421358
0.353356 0.421834
0.349006 0.422788
0.350004 0.422570
0.351181 0.422311
0.302154 0.433060
0.291279 0.435444
0.307681 0.431847
0.308679 0.431629
0.330429 0.426861
0.329431 0.427079
0.327256 0.427556
0.326079 0.427815
0.325081 0.428033
0.322906 0.428510
0.321729 0.428768
0.062902 0.485510
0.186879 0.458330
0.145554 0.467390
0.043325 0.489802
0.245604 0.445457
0.217329 0.451655
0.269529 0.440212
0.373929 0.417325
0.368581 0.418497
0.367404 0.418756
0.366406 0.418974
0.344656 0.423742
0.345654 0.423524
0.346831 0.423265
0.352179 0.422093
0.284754 0.436874
0.313029 0.430676
0.323904 0.428292
0.069427 0.484079
0.110753 0.475019
0.165129 0.463098
0.239079 0.446887
0.263004 0.441642
0.369579 0.418279
0.360879 0.420186
0.359881 0.420404
0.343479 0.424000
0.356529 0.421140
0.357706 0.420881
0.306504 0.432106
0.334779 0.425908
0.093353 0.478834
0.228204 0.449271
0.273879 0.439258
0.365229 0.419232
0.347829 0.423047
0.328254 0.427338
0.125978 0.471681
0.252129 0.444026
0.358704 0.420663
0.317379 0.429722
0.339129 0.424954
0.047675 0.488848
0.295629 0.434490
0.206454 0.454039
0.439302 0.431251
0.440360 0.431551
0.440477 0.431585
0.441536 0.431885
0.441653 0.431919
0.438126 0.430917
0.439184 0.431218
0.455606 0.437340
0.455004 0.436800
0.454852 0.436664
0.457114 0.438692
0.456512 0.438152
0.456360 0.438016
0.458020 0.439504
0.457867 0.439368
0.458621 0.440044
0.444005 0.432586
0.445063 0.432887
0.445181 0.432920
0.454098 0.435988
0.454250 0.436124
0.457266 0.438828
0.448708 0.433922
0.446356 0.433254
0.447414 0.433554
0.447532 0.433588
0.452235 0.434923
0.434599 0.429916
0.435657 0.430216
0.435774 0.430250
0.462391 0.443424
0.461789 0.442884
0.461637 0.442748
0.460883 0.442072
0.460282 0.441532
0.460129 0.441396
0.448590 0.433888
0.453344 0.435311
0.453224 0.435204
0.473700 0.453565
0.473098 0.453025
0.472946 0.452889
0.433423 0.429582
0.438008 0.430884
0.436950 0.430583
0.455758 0.437476
0.462543 0.443560
0.463145 0.444100
0.459375 0.440720
0.459528 0.440856
0.474454 0.454241
0.474606 0.454377
0.429170 0.491962
0.474934 0.454671
0.470684 0.450861
0.470836 0.450997
0.471438 0.451537
0.469930 0.450185
0.469329 0.449645
0.469176 0.449509
0.436832 0.430550
0.461035 0.442208
0.463899 0.444776
0.464051 0.444913
0.464653 0.445452
0.446239 0.433221
0.473852 0.453701
0.472192 0.452213
0.471590 0.451673
0.466915 0.447481
0.467067 0.447617
0.467669 0.448157
0.434481 0.429882
0.458774 0.440180
0.468422 0.448833
0.468575 0.448969
0.466313 0.446941
0.466161 0.446805
0.465407 0.446128
0.464805 0.445589
0.453496 0.435448
0.470083 0.450321
0.465559 0.446265
0.467821 0.448293
0.472344 0.452349
0.463297 0.444237
0.459050 0.386243
0.459162 0.385294
0.476817 0.236915
0.476660 0.238225
0.457547 0.398869
0.457704 0.397555
0.457816 0.396607
0.457435 0.399818
0.457973 0.395293
0.478163 0.225602
0.478275 0.224650
0.478433 0.223339
0.456896 0.404343
0.456739 0.405657
0.482471 0.189400
0.482582 0.188448
0.482740 0.187138
0.453240 0.435071
0.481394 0.198451
0.481506 0.197498
0.481236 0.199761
0.479352 0.215599
0.479509 0.214289
0.479621 0.213337
0.479240 0.216551
0.479779 0.212026
0.456358 0.408868
0.456470 0.407920
0.456627 0.406606
0.480586 0.205238
0.480429 0.206549
0.480317 0.207501
0.481125 0.200713
0.480967 0.202024
0.480855 0.202976
0.480698 0.204286
0.476548 0.239177
0.481663 0.196188
0.481932 0.193925
0.481775 0.195236
0.487316 0.148673
0.483547 0.180350
0.476391 0.240488
0.476279 0.241438
0.483659 0.179397
0.483817 0.178087
0.483928 0.177135
0.484086 0.175825
0.584559 0.405658
0.586174 0.404311
0.587138 0.403504
0.600035 0.392731
0.601650 0.391383
0.606809 0.387074
0.607773 0.386267
0.609388 0.384920
0.614547 0.380610
0.615511 0.379803
0.617126 0.378456
0.535550 0.446595
0.534586 0.447402
0.879591 0.492551
0.880072 0.492519
0.892202 0.491642
0.889530 0.491839
0.504598 0.472450
0.506213 0.471103
0.741902 0.274226
0.743519 0.272880
0.744482 0.272071
0.734164 0.280690
0.735780 0.279344
0.736743 0.278535
0.676453 0.328900
0.677417 0.328092
0.679032 0.326746
0.679996 0.325938
0.674837 0.330247
0.673873 0.331055
0.643633 0.509539
0.643153 0.509573
0.578217 0.614723
0.577452 0.613776
0.576332 0.612392
0.575567 0.611444
0.459970 0.378506
0.460127 0.377192
0.460239 0.376244
0.455820 0.413394
0.455663 0.414707
0.454855 0.421495
0.455012 0.420181
0.455124 0.419233
0.454743 0.422444
0.454586 0.423758
0.453778 0.430545
0.453666 0.431494
0.453509 0.432808
0.453397 0.433757
0.454047 0.428283
0.454204 0.426969
0.454317 0.426020
0.453935 0.429232
0.454474 0.424706
0.484355 0.173562
0.484467 0.172610
0.484197 0.174872
0.484624 0.171299
0.484736 0.170347
0.484893 0.169037
0.476122 0.242750
0.476010 0.243700
0.475853 0.245013
0.460508 0.373981
0.460396 0.374930
0.471007 0.285739
0.471164 0.284427
0.471276 0.283477
0.602614 0.390576
0.604229 0.389229
0.605194 0.388421
0.610352 0.384112
0.611968 0.382765
0.612932 0.381958
0.618091 0.377648
0.619706 0.376301
0.532971 0.448750
0.532007 0.449557
0.876438 0.492778
0.876919 0.492746
0.499552 0.476666
0.499769 0.477029
0.499709 0.476929
0.892683 0.491612
0.895355 0.491415
0.640481 0.509766
0.640000 0.509800
0.581987 0.619386
0.581222 0.618439
0.580102 0.617055
0.579337 0.616107
0.463088 0.352304
0.463200 0.351355
0.462931 0.353618
0.459589 0.381717
0.459431 0.383031
0.459701 0.380769
0.459858 0.379455
0.459319 0.383980
0.455550 0.415656
0.455393 0.416970
0.455281 0.417919
0.485005 0.168084
0.485163 0.166774
0.443887 0.432553
0.442829 0.432253
0.442711 0.432219
0.464815 0.337780
0.464703 0.338728
0.464546 0.340042
0.464008 0.344567
0.464165 0.343254
0.464277 0.342305
0.464434 0.340991
0.471972 0.277639
0.472084 0.276689
0.471815 0.278952
0.463627 0.347779
0.463739 0.346830
0.463469 0.349093
0.463896 0.345516
0.463357 0.350041
0.472353 0.274426
0.472241 0.275376
0.472622 0.272164
0.472510 0.273114
0.464973 0.336466
0.465085 0.335517
0.470895 0.286689
0.470738 0.288002
0.475741 0.245963
0.475583 0.247275
0.475045 0.251801
0.475202 0.250488
0.475314 0.249538
0.475472 0.248225
0.460665 0.372667
0.460777 0.371718
0.461047 0.369456
0.460935 0.370405
0.461854 0.362668
0.462011 0.361354
0.462123 0.360406
0.471703 0.279901
0.471545 0.281214
0.471434 0.282164
0.473161 0.267639
0.473049 0.268588
0.472891 0.269901
0.472780 0.270851
0.620670 0.375494
0.622285 0.374147
0.530392 0.450904
0.529427 0.451712
0.873285 0.493005
0.873766 0.492973
0.500228 0.477796
0.500288 0.477896
0.898989 0.491158
0.898508 0.491188
0.895836 0.491385
0.672258 0.332402
0.671294 0.333209
0.634176 0.510220
0.636848 0.510027
0.637328 0.509993
0.462819 0.354566
0.462662 0.355880
0.485274 0.165822
0.485432 0.164512
0.468046 0.310628
0.468203 0.309315
0.468315 0.308365
0.467665 0.313840
0.467507 0.315154
0.467777 0.312891
0.467934 0.311577
0.465242 0.334203
0.465354 0.333255
0.470357 0.291214
0.470199 0.292527
0.470469 0.290264
0.470626 0.288952
0.465511 0.331941
0.465623 0.330992
0.466049 0.327416
0.465892 0.328729
0.466161 0.326467
0.465780 0.329678
0.469661 0.297052
0.469818 0.295739
0.469930 0.294790
0.470088 0.293477
0.473587 0.264063
0.473430 0.265376
0.473699 0.263114
0.473856 0.261801
0.473968 0.260851
0.473318 0.266326
0.462281 0.359092
0.462393 0.358143
0.462550 0.356829
0.474933 0.252750
0.474776 0.254063
0.461204 0.368142
0.461316 0.367193
0.623249 0.373339
0.624865 0.371992
0.527812 0.453059
0.526848 0.453866
0.870133 0.493232
0.870614 0.493200
0.501327 0.479630
0.501267 0.479531
0.500807 0.478763
0.500748 0.478664
0.498009 0.475287
0.498271 0.475522
0.497516 0.474847
0.498764 0.475962
0.499026 0.476196
0.496761 0.474173
0.497254 0.474613
0.499519 0.476636
0.483172 0.462032
0.483665 0.462472
0.483927 0.462706
0.486192 0.464730
0.486685 0.465170
0.486947 0.465404
0.477133 0.456636
0.477625 0.457076
0.477888 0.457311
0.482910 0.461797
0.482417 0.461358
0.485437 0.464055
0.485175 0.463821
0.484682 0.463381
0.491476 0.469451
0.491214 0.469217
0.490722 0.468777
0.476116 0.455727
0.475623 0.455287
0.476378 0.455962
0.485930 0.464495
0.489212 0.467428
0.488950 0.467193
0.488457 0.466753
0.489967 0.468102
0.490459 0.468542
0.493741 0.471475
0.493479 0.471240
0.492986 0.470800
0.494496 0.472149
0.494989 0.472589
0.495251 0.472824
0.476871 0.456401
0.480152 0.459334
0.480645 0.459774
0.480907 0.460009
0.527257 0.544820
0.527298 0.545412
0.527340 0.546044
0.527504 0.548492
0.527462 0.547860
0.527422 0.547268
0.526598 0.535026
0.526556 0.534394
0.526516 0.533802
0.484420 0.463146
0.487702 0.466079
0.488195 0.466519
0.492231 0.470126
0.492724 0.470566
0.496006 0.473498
0.496499 0.473938
0.479397 0.458660
0.479135 0.458425
0.478643 0.457985
0.481662 0.460683
0.481400 0.460448
0.527175 0.543595
0.527133 0.542963
0.527093 0.542371
0.527627 0.550308
0.527669 0.550941
0.527587 0.549716
0.526639 0.535618
0.526681 0.536250
0.489704 0.467868
0.495744 0.473264
0.475361 0.455053
0.479890 0.459099
0.525219 0.521947
0.525141 0.521591
0.524977 0.520853
0.524736 0.519759
0.524657 0.519404
0.524494 0.518665
0.526187 0.528905
0.526145 0.528273
0.526104 0.527681
0.526392 0.531945
0.526351 0.531353
0.526434 0.532578
0.527215 0.544187
0.527545 0.549084
0.526721 0.536842
0.526763 0.537474
0.526928 0.539923
0.526886 0.539291
0.526846 0.538699
0.487440 0.465844
0.494234 0.471915
0.478380 0.457750
0.525703 0.524134
0.525625 0.523779
0.525461 0.523040
0.524416 0.518310
0.526309 0.530721
0.526269 0.530129
0.527380 0.546636
0.527752 0.552165
0.526803 0.538066
0.525383 0.522685
0.526227 0.529497
0.525940 0.525232
0.525980 0.525825
0.526022 0.526457
0.526968 0.540515
0.527010 0.541147
0.491969 0.469891
0.524899 0.520497
0.526062 0.527049
0.527051 0.541739
0.506459 0.488202
0.482155 0.461123
0.525937 0.525192
0.525867 0.524873
0.527709 0.551533
0.526474 0.533170
0.501786 0.480398
0.666135 0.337519
0.667099 0.336711
0.668714 0.335364
0.669678 0.334556
0.664520 0.338865
0.663556 0.339673
0.583872 0.621718
0.584992 0.623102
0.585757 0.624050
0.583107 0.620770
0.485543 0.163559
0.485701 0.162249
0.468472 0.307052
0.468584 0.306103
0.466588 0.322890
0.466431 0.324204
0.466700 0.321942
0.466319 0.325153
0.469123 0.301577
0.469280 0.300265
0.469392 0.299315
0.469549 0.298002
0.474395 0.257276
0.474237 0.258588
0.474507 0.256326
0.474664 0.255013
0.474126 0.259538
0.461473 0.365879
0.461585 0.364931
0.461742 0.363617
0.625829 0.371185
0.627444 0.369838
0.525233 0.455214
0.524268 0.456021
0.866980 0.493459
0.867461 0.493427
0.501846 0.480497
0.502305 0.481265
0.661940 0.341020
0.660976 0.341828
0.589526 0.628713
0.588762 0.627765
0.587641 0.626381
0.586877 0.625433
0.598951 0.640370
0.600072 0.641754
0.600836 0.642702
0.485813 0.161297
0.485970 0.159986
0.466969 0.319679
0.467126 0.318365
0.467238 0.317416
0.468741 0.304790
0.468853 0.303840
0.467395 0.316103
0.466857 0.320628
0.469011 0.302527
0.628408 0.369030
0.630023 0.367683
0.522654 0.457368
0.521689 0.458175
0.863828 0.493686
0.864308 0.493654
0.502365 0.481364
0.502825 0.482132
0.659361 0.343175
0.658397 0.343982
0.598187 0.639422
0.597066 0.638039
0.593296 0.633376
0.592532 0.632428
0.591411 0.631044
0.590647 0.630096
0.601957 0.644085
0.602721 0.645033
0.486082 0.159034
0.486240 0.157724
0.630988 0.366875
0.632603 0.365528
0.520074 0.459523
0.519110 0.460330
0.860675 0.493913
0.861156 0.493881
0.502884 0.482232
0.503344 0.482999
0.656781 0.345329
0.655817 0.346137
0.596302 0.637091
0.595181 0.635707
0.594417 0.634759
0.486351 0.156771
0.486509 0.155461
0.633567 0.364721
0.635182 0.363374
0.517495 0.461677
0.516530 0.462484
0.857522 0.494140
0.858003 0.494108
0.503403 0.483099
0.503863 0.483866
0.654202 0.347484
0.653238 0.348292
0.603842 0.646417
0.604606 0.647365
0.486620 0.154509
0.486778 0.153199
0.636146 0.362566
0.637762 0.361219
0.514915 0.463832
0.513951 0.464639
0.854370 0.494367
0.854850 0.494335
0.503923 0.483966
0.504382 0.484734
0.651623 0.349639
0.650659 0.350446
0.838607 0.495502
0.839088 0.495469
0.841759 0.495275
0.835935 0.495696
0.835454 0.495729
0.608376 0.652028
0.607612 0.651080
0.606491 0.649696
0.605727 0.648748
0.609497 0.653411
0.610261 0.654359
0.486889 0.152246
0.487047 0.150936
0.487158 0.149984
0.638726 0.360412
0.640341 0.359065
0.512336 0.465987
0.511371 0.466794
0.851217 0.494594
0.851698 0.494561
0.504442 0.484833
0.504901 0.485601
0.645500 0.354755
0.646464 0.353948
0.648079 0.352601
0.649043 0.351793
0.832782 0.495923
0.832302 0.495956
0.641305 0.358257
0.642920 0.356910
0.643884 0.356102
0.507177 0.470296
0.508792 0.468948
0.509757 0.468141
0.848545 0.494788
0.848065 0.494821
0.504961 0.485700
0.505421 0.486468
0.829630 0.496150
0.829149 0.496183
0.505480 0.486567
0.505940 0.487335
0.505999 0.487435
0.845393 0.495015
0.844912 0.495048
0.842240 0.495242
0.826477 0.496377
0.825997 0.496409
0.612146 0.656691
0.613267 0.658074
0.614031 0.659022
0.611382 0.655743
0.615152 0.660406
0.615916 0.661354
0.823325 0.496604
0.822844 0.496636
0.625341 0.673012
0.626462 0.674395
0.627226 0.675343
0.820172 0.496831
0.819692 0.496863
0.619686 0.666017
0.620807 0.667401
0.621571 0.668348
0.618922 0.665069
0.617801 0.663685
0.617037 0.662738
0.817020 0.497058
0.816539 0.497090
0.624577 0.672064
0.623456 0.670680
0.622692 0.669732
0.628347 0.676727
0.629111 0.677675
0.813867 0.497284
0.813387 0.497317
0.632881 0.682338
0.632117 0.681390
0.630996 0.680006
0.630232 0.679058
0.810715 0.497511
0.810234 0.497544
0.636651 0.687001
0.635887 0.686053
0.634766 0.684669
0.634002 0.683721
0.637772 0.688384
0.638536 0.689332
0.807562 0.497738
0.807082 0.497771
0.804410 0.497965
0.803929 0.497998
0.801257 0.498192
0.800777 0.498225
0.640421 0.691664
0.641542 0.693047
0.642306 0.693995
0.639657 0.690716
0.643427 0.695379
0.644191 0.696327
0.798105 0.498419
0.797624 0.498452
0.651731 0.705653
0.650967 0.704705
0.649846 0.703321
0.647961 0.700990
0.649082 0.702373
0.652852 0.707036
0.653616 0.707985
0.794952 0.498646
0.794472 0.498679
0.647197 0.700042
0.646076 0.698658
0.645312 0.697710
0.791800 0.498873
0.791319 0.498906
0.654737 0.709368
0.655501 0.710316
0.788647 0.499100
0.788167 0.499133
0.659271 0.714979
0.658507 0.714031
0.657386 0.712648
0.656622 0.711699
0.785495 0.499327
0.785014 0.499360
0.663041 0.719642
0.662277 0.718694
0.661156 0.717311
0.660392 0.716362
0.664162 0.721026
0.664926 0.721974
0.782342 0.499554
0.781862 0.499587
0.779190 0.499781
0.778709 0.499814
0.776037 0.500008
0.775557 0.500041
0.666811 0.724305
0.667932 0.725689
0.668696 0.726637
0.666047 0.723357
0.669817 0.728020
0.670581 0.728968
0.772885 0.500235
0.772404 0.500268
0.674351 0.733632
0.673587 0.732683
0.672466 0.731300
0.671702 0.730352
0.678121 0.738295
0.677357 0.737346
0.676236 0.735963
0.675472 0.735015
0.679242 0.739678
0.680006 0.740626
0.769732 0.500461
0.769252 0.500495
0.766580 0.500688
0.766099 0.500722
0.681127 0.742009
0.681891 0.742958
0.763427 0.500915
0.762947 0.500949
0.685661 0.747621
0.684897 0.746672
0.683776 0.745289
0.683012 0.744341
0.760275 0.501142
0.759794 0.501176
0.689431 0.752284
0.688667 0.751336
0.687546 0.749953
0.686782 0.749004
0.690552 0.753667
0.691316 0.754616
0.757122 0.501369
0.756642 0.501403
0.753970 0.501596
0.753489 0.501630
0.750817 0.501823
0.750337 0.501856
0.693201 0.756947
0.694322 0.758330
0.695086 0.759279
0.692437 0.755999
0.696207 0.760662
0.696971 0.761611
0.747665 0.502050
0.747184 0.502083
0.744512 0.502277
0.744032 0.502310
0.700741 0.766274
0.701862 0.767656
0.702626 0.768605
0.699977 0.765325
0.698856 0.763942
0.698092 0.762993
0.707518 0.774651
0.708281 0.775600
0.706396 0.773269
0.738207 0.502731
0.740879 0.502537
0.741360 0.502504
0.849930 0.662343
0.854699 0.664376
0.856084 0.664946
0.696242 0.597287
0.701013 0.599310
0.702388 0.599889
0.868405 0.670157
0.873172 0.672203
0.874581 0.672767
0.887228 0.678061
0.885571 0.677472
0.880794 0.675386
0.860853 0.666982
0.862241 0.667551
0.671656 0.586879
0.676428 0.588902
0.677802 0.589481
0.683949 0.592083
0.688720 0.594106
0.690095 0.594685
0.640924 0.573869
0.645696 0.575892
0.647070 0.576471
0.573314 0.545248
0.578086 0.547270
0.579461 0.547850
0.788443 0.636317
0.793213 0.638342
0.794590 0.638919
0.782296 0.633715
0.780919 0.633138
0.776148 0.631113
0.763855 0.625909
0.768626 0.627933
0.770001 0.628511
0.843779 0.659739
0.842397 0.659166
0.837628 0.657136
0.825329 0.651931
0.830099 0.653959
0.831478 0.654533
0.813033 0.646726
0.817803 0.648753
0.819181 0.649328
0.879349 0.674824
0.694867 0.596708
0.659363 0.581675
0.664135 0.583698
0.665510 0.584277
0.628631 0.568665
0.633403 0.570688
0.634778 0.571267
0.561022 0.540044
0.565794 0.542066
0.567168 0.542646
0.787066 0.635740
0.745414 0.618103
0.750186 0.620126
0.751561 0.620705
0.739268 0.615501
0.737892 0.614922
0.733121 0.612899
0.836248 0.656563
0.800737 0.641521
0.805508 0.643548
0.806885 0.644124
0.867009 0.669591
0.653217 0.579073
0.651842 0.578494
0.670281 0.586300
0.616339 0.563462
0.621110 0.565484
0.622485 0.566064
0.591753 0.553054
0.596525 0.555076
0.597900 0.555656
0.604046 0.558258
0.608818 0.560280
0.610192 0.560860
0.757708 0.623307
0.762479 0.625331
0.744039 0.617524
0.726974 0.610297
0.725599 0.609718
0.720828 0.607695
0.708535 0.602491
0.713306 0.604514
0.714681 0.605093
0.811655 0.646150
0.682574 0.591504
0.627257 0.568086
0.602672 0.557678
0.585607 0.550452
0.584233 0.549872
0.548729 0.534841
0.547355 0.534260
0.542583 0.532239
0.536437 0.529637
0.535063 0.529057
0.530290 0.527035
0.774772 0.630535
0.719453 0.607116
0.823951 0.651356
0.639549 0.573290
0.590379 0.552474
0.554876 0.537442
0.559648 0.539464
0.541209 0.531659
0.731746 0.612320
0.848548 0.661771
0.657989 0.581096
0.553501 0.536862
0.756332 0.622729
0.571940 0.544668
0.799361 0.640945
0.614964 0.562882
0.528916 0.526455
0.707160 0.601912
0.705633 0.772320
0.704511 0.770937
0.703747 0.769988
0.712051 0.780263
0.711288 0.779314
0.710166 0.777932
0.709403 0.776983
0.715821 0.784927
0.715058 0.783977
0.713936 0.782595
0.713173 0.781646
0.717706 0.787258
0.718828 0.788641
0.719591 0.789590
0.716943 0.786309
0.723361 0.794253
0.722599 0.793304
0.721476 0.791922
0.720713 0.790972
0.732786 0.805912
0.733910 0.807294
0.734671 0.808244
0.727131 0.798917
0.728254 0.800299
0.729016 0.801249
0.726369 0.797967
0.725246 0.796585
0.724484 0.795635
0.735795 0.809625
0.736556 0.810576
0.732024 0.804962
0.730901 0.803580
0.730139 0.802630
0.737680 0.811957
0.738441 0.812908
0.739566 0.814289
0.740327 0.815240
0.741451 0.816620
0.742212 0.817572
0.744097 0.819904
0.745222 0.821284
0.745982 0.822236
0.743336 0.818952
0.749752 0.826900
0.748993 0.825948
0.747867 0.824568
0.747107 0.823616
0.759179 0.838563
0.760308 0.839940
0.761065 0.840896
0.753523 0.831565
0.754650 0.832944
0.755408 0.833897
0.752764 0.830612
0.751638 0.829232
0.750878 0.828280
0.762195 0.842273
0.762950 0.843230
0.758422 0.837608
0.757294 0.836230
0.756536 0.835276
0.764082 0.844606
0.764836 0.845564
0.768609 0.850235
0.767858 0.849272
0.766723 0.847899
0.765970 0.846939
0.769748 0.851607
0.770497 0.852573
0.773537 0.856281
0.772385 0.854915
0.774277 0.857265
0.771640 0.853943
0.777383 0.860991
0.776175 0.859636
0.775443 0.858626
0.778114 0.862118
