0.062256 0.674887
0.062867 0.676231
0.461454 0.686688
0.460641 0.686016
0.460323 0.685738
0.239965 0.713307
0.239189 0.713939
0.137947 0.783979
0.138005 0.783949
0.138914 0.783491
0.133211 0.789497
0.133002 0.790277
0.133290 0.789207
0.132923 0.790568
0.132714 0.791348
0.070497 0.698083
0.071319 0.700471
0.071767 0.701706
0.072590 0.704093
0.721967 0.073122
0.721964 0.072463
0.721970 0.072059
0.721961 0.073526
0.721964 0.074185
0.721967 0.071400
0.703003 0.077284
0.711388 0.079771
0.716575 0.081145
0.487685 0.351067
0.488606 0.350663
0.490458 0.349885
0.489530 0.350268
0.494203 0.348457
0.493262 0.348798
0.491389 0.349512
0.492324 0.349149
0.486767 0.351483
0.498001 0.347199
0.497046 0.347497
0.495147 0.348126
0.496095 0.347806
0.705146 0.228428
0.705104 0.229708
0.705197 0.227156
0.719914 0.141711
0.719980 0.141179
0.720031 0.140715
0.706755 0.211383
0.706577 0.212546
0.706408 0.213718
0.705127 0.257359
0.705133 0.258435
0.705133 0.258679
0.705127 0.257114
0.705122 0.256039
0.705122 0.255794
0.716212 0.173071
0.716076 0.174068
0.721973 0.070997
0.721970 0.070338
0.721976 0.069934
0.721973 0.069275
0.721980 0.068871
0.721976 0.068212
0.722139 0.017860
0.722119 0.017201
0.722142 0.016797
0.722159 0.012545
0.722130 0.011886
0.722163 0.011482
0.722173 0.009355
0.722133 0.009759
0.722168 0.010419
0.722132 0.010822
0.031534 0.727328
0.032819 0.727867
0.033228 0.728030
0.034922 0.728731
0.034513 0.728568
0.048472 0.734342
0.049758 0.734878
0.050166 0.735043
0.055247 0.737147
0.054840 0.736982
0.053553 0.736446
0.096922 0.757181
0.097371 0.757529
0.097985 0.758000
0.104813 0.763261
0.104364 0.762913
0.105427 0.763732
0.073038 0.705328
0.467107 0.691434
0.466291 0.690764
0.465976 0.690484
0.459511 0.685066
0.459193 0.684789
0.421207 0.384352
0.420620 0.384630
0.421543 0.384197
0.386171 0.405063
0.385312 0.405753
0.377678 0.412346
0.378518 0.411580
0.403787 0.393031
0.402886 0.393552
0.399304 0.395722
0.398414 0.396285
0.388760 0.403042
0.387894 0.403707
0.387031 0.404381
0.004418 0.716085
0.003985 0.715954
0.002714 0.715368
0.000986 0.714617
0.002250 0.715260
0.048064 0.734177
0.046778 0.733641
0.031125 0.727165
0.029840 0.726627
0.110129 0.767355
0.110743 0.767826
0.109680 0.767007
0.134183 0.785879
0.135047 0.785443
0.134153 0.785994
0.128204 0.781276
0.128818 0.781747
0.127755 0.780928
0.122439 0.776834
0.122888 0.777182
0.123502 0.777653
0.238415 0.714575
0.237645 0.715216
0.123951 0.778001
0.124565 0.778471
0.125014 0.778819
0.125628 0.779290
0.236114 0.716512
0.236878 0.715862
0.126078 0.779638
0.126692 0.780109
0.127141 0.780457
0.235354 0.717167
0.148640 0.778596
0.147672 0.779073
0.146705 0.779556
0.150552 0.777662
0.149608 0.778123
0.149584 0.778135
0.138972 0.783461
0.139880 0.783003
0.139938 0.782973
0.227280 0.724383
0.227111 0.724534
0.227859 0.723862
0.140905 0.782485
0.140847 0.782514
0.132635 0.791639
0.132427 0.792419
0.133786 0.787355
0.133577 0.788136
0.133865 0.787065
0.134074 0.786284
0.133498 0.788426
0.131852 0.794561
0.131773 0.794852
0.131564 0.795632
0.131276 0.796703
0.131485 0.795923
0.121376 0.776015
0.120762 0.775544
0.120312 0.775196
0.121825 0.776363
0.240746 0.712679
0.241529 0.712056
0.070046 0.696848
0.069227 0.694459
0.068773 0.693224
0.067498 0.689598
0.067956 0.690833
0.066685 0.687205
0.063639 0.678670
0.064142 0.679922
0.409236 0.390081
0.409795 0.389799
0.410151 0.389615
0.392241 0.400467
0.393116 0.399844
0.395756 0.398027
0.396640 0.397438
0.721957 0.074588
0.721960 0.075247
0.721948 0.079498
0.721945 0.078839
0.721951 0.078436
0.721942 0.079902
0.721954 0.077373
0.721951 0.076714
0.721957 0.076310
0.721948 0.077776
0.721954 0.075651
0.575058 0.328588
0.575855 0.328357
0.576043 0.328300
0.498958 0.346911
0.499919 0.346634
0.503797 0.345631
0.502822 0.345866
0.585888 0.325426
0.585700 0.325482
0.584903 0.325714
0.595545 0.322608
0.595732 0.322552
0.596529 0.322321
0.618347 0.315024
0.618899 0.314826
0.619302 0.314685
0.619854 0.314487
0.705138 0.259755
0.705138 0.260000
0.705144 0.261075
0.705149 0.262396
0.705143 0.261320
0.705149 0.262641
0.705181 0.270318
0.705176 0.269243
0.705176 0.268998
0.705154 0.263716
0.705160 0.265037
0.705154 0.263961
0.705181 0.270563
0.705187 0.271639
0.705187 0.271883
0.603421 0.320309
0.602624 0.320541
0.603608 0.320253
0.705192 0.272959
0.705192 0.273204
0.717756 0.160116
0.717690 0.160648
0.717639 0.161112
0.705478 0.274036
0.706494 0.274477
0.717873 0.159119
0.717807 0.159651
0.705196 0.273915
0.717924 0.158655
0.717990 0.158122
0.707505 0.274923
0.713468 0.277690
0.714444 0.278167
0.706249 0.214898
0.719863 0.142176
0.719797 0.142708
0.719446 0.145698
0.719394 0.146162
0.719329 0.146695
0.705501 0.222152
0.705410 0.223391
0.705601 0.220922
0.715212 0.179042
0.715001 0.180035
0.705089 0.248116
0.705090 0.247871
0.705095 0.249192
0.714778 0.181028
0.705084 0.246551
0.705084 0.246796
0.714295 0.183013
0.714543 0.182021
0.705078 0.245475
0.705079 0.245230
0.705258 0.225892
0.720097 0.140182
0.720148 0.139718
0.705072 0.230996
0.705831 0.218487
0.705961 0.217283
0.716702 0.169086
0.716754 0.168621
0.716819 0.168089
0.716936 0.167092
0.716871 0.167625
0.717573 0.161645
0.717522 0.162109
0.717405 0.163106
0.717456 0.162641
0.716637 0.169618
0.716585 0.170082
0.716468 0.171079
0.716345 0.172075
0.716520 0.170615
0.716226 0.172950
0.707567 0.206814
0.707350 0.207944
0.718041 0.157658
0.706944 0.210229
0.707142 0.209082
0.707795 0.205693
0.708032 0.204580
0.708535 0.202379
0.708279 0.203476
0.717339 0.163638
0.709966 0.197024
0.710281 0.195977
0.710935 0.193905
0.710711 0.194619
0.710606 0.194940
0.709660 0.198078
0.709364 0.199141
0.716988 0.166628
0.467422 0.691715
0.468238 0.692383
0.420285 0.384785
0.407412 0.391030
0.406502 0.391518
0.404690 0.392518
0.405595 0.392014
0.411984 0.388700
0.411067 0.389154
0.412904 0.388255
0.408323 0.390551
0.721983 0.067809
0.721979 0.067150
0.721986 0.066746
0.721982 0.066087
0.722038 0.046958
0.722044 0.047617
0.722035 0.048021
0.722047 0.046555
0.722041 0.045895
0.397526 0.396857
0.722122 0.016138
0.722146 0.015734
0.722128 0.012949
0.722154 0.013608
0.722117 0.018264
0.722135 0.018923
0.722114 0.019327
0.374340 0.415497
0.375171 0.414696
0.373510 0.416305
0.722131 0.019986
0.722203 0.005098
0.722127 0.004438
0.722216 0.004032
0.722186 0.007228
0.722135 0.007632
0.722179 0.008292
0.722134 0.008696
0.722132 0.005503
0.722193 0.006163
0.722134 0.006568
0.366951 0.423079
0.367764 0.422203
0.369395 0.420476
0.368578 0.421335
0.370214 0.419625
0.056533 0.737683
0.056941 0.737848
0.053146 0.736281
0.051860 0.735744
0.051452 0.735580
0.100111 0.759637
0.100561 0.759985
0.101175 0.760456
0.098434 0.758348
0.099048 0.758818
0.099497 0.759167
0.095859 0.756362
0.095244 0.755891
0.094795 0.755543
0.096308 0.756710
0.089479 0.751448
0.089928 0.751797
0.090543 0.752267
0.091606 0.753086
0.090992 0.752616
0.103301 0.762094
0.102687 0.761623
0.102238 0.761275
0.103750 0.762442
0.101624 0.760804
0.085739 0.741531
0.086569 0.743915
0.087009 0.745151
0.088279 0.748770
0.089110 0.751154
0.087839 0.747534
0.089115 0.751169
0.260674 0.697576
0.261351 0.697068
0.261473 0.696975
0.423975 0.383052
0.423388 0.383330
0.424311 0.382897
0.630767 0.310610
0.631320 0.310412
0.631723 0.310270
0.768488 0.317362
0.769254 0.318212
0.769433 0.318415
0.788333 0.339472
0.788155 0.339268
0.787388 0.338419
0.318260 0.652962
0.318990 0.652272
0.465161 0.689815
0.464845 0.689535
0.458380 0.684117
0.458062 0.683840
0.423053 0.383485
0.422466 0.383763
0.422130 0.383919
0.419698 0.385063
0.419362 0.385219
0.371858 0.417948
0.372683 0.417123
0.381898 0.408599
0.382748 0.407875
0.383601 0.407159
0.381050 0.409331
0.380204 0.410072
0.722120 0.023174
0.722103 0.023578
0.722117 0.024237
0.722101 0.024641
0.722113 0.025300
0.722098 0.025703
0.379360 0.410822
0.401091 0.394620
0.400197 0.395167
0.401988 0.394082
0.390496 0.401738
0.389627 0.402386
0.394874 0.398624
0.393994 0.399230
0.722057 0.043366
0.722047 0.043770
0.722050 0.042707
0.371035 0.418782
0.384455 0.406452
0.376004 0.413905
0.391367 0.401098
0.376840 0.413121
0.366712 0.423341
0.026452 0.725224
0.027737 0.725763
0.028146 0.725925
0.029431 0.726464
0.007395 0.717352
0.006117 0.716793
0.007813 0.717499
0.005693 0.716652
0.046370 0.733476
0.045085 0.732939
0.043391 0.732238
0.044677 0.732775
0.042983 0.732074
0.041697 0.731537
0.228028 0.723711
0.228607 0.723190
0.137038 0.784437
0.136980 0.784467
0.135105 0.785414
0.136014 0.784955
0.136072 0.784926
0.105877 0.764080
0.106491 0.764551
0.107554 0.765369
0.106940 0.764899
0.108003 0.765718
0.108617 0.766188
0.109066 0.766536
0.119249 0.774377
0.118635 0.773906
0.118186 0.773558
0.242316 0.711438
0.119698 0.774725
0.116060 0.771920
0.115446 0.771450
0.114996 0.771102
0.114382 0.770631
0.113933 0.770283
0.245484 0.708993
0.244687 0.709598
0.111193 0.768174
0.111807 0.768645
0.201643 0.747035
0.200852 0.747668
0.199258 0.748922
0.200057 0.748297
0.198454 0.749544
0.133520 0.785370
0.133071 0.785022
0.134134 0.785841
0.234597 0.717826
0.132457 0.784551
0.132008 0.784204
0.226532 0.725055
0.226363 0.725206
0.196021 0.751387
0.195202 0.751994
0.193551 0.753198
0.194378 0.752598
0.192720 0.753794
0.196836 0.750776
0.197647 0.750162
0.191045 0.754975
0.191884 0.754386
0.190202 0.755561
0.188503 0.756720
0.189354 0.756142
0.132348 0.792710
0.132139 0.793490
0.132060 0.793781
0.131197 0.796994
0.130989 0.797774
0.129759 0.802348
0.129551 0.803129
0.129838 0.802058
0.130047 0.801277
0.130126 0.800987
0.128113 0.808483
0.128321 0.807703
0.128400 0.807412
0.127834 0.809562
0.127840 0.809497
0.128034 0.808774
0.128688 0.806341
0.128609 0.806632
0.129184 0.804490
0.128976 0.805270
0.129263 0.804200
0.129472 0.803419
0.128896 0.805561
0.065414 0.683570
0.066221 0.685968
0.064938 0.682331
0.722137 0.122775
0.722203 0.122242
0.722254 0.121778
0.722320 0.121246
0.722372 0.120782
0.705116 0.254718
0.722606 0.118788
0.722555 0.119252
0.722489 0.119785
0.722438 0.120249
0.715420 0.278643
0.715483 0.278675
0.714508 0.278198
0.719323 0.280550
0.718411 0.280105
0.718347 0.280073
0.719511 0.145166
0.690651 0.281729
0.691508 0.281239
0.691573 0.281202
0.716395 0.279120
0.716459 0.279151
0.717371 0.279597
0.717435 0.279628
0.690586 0.281766
0.750354 0.297156
0.750534 0.297359
0.749589 0.296306
0.753369 0.300517
0.753189 0.300314
0.752424 0.299464
0.720214 0.139186
0.705038 0.233598
0.705035 0.234912
0.721384 0.129219
0.721318 0.129752
0.721267 0.130216
0.733961 0.287700
0.734025 0.287731
0.734937 0.288176
0.721669 0.126762
0.721735 0.126229
0.721786 0.125765
0.722059 0.039519
0.722067 0.040178
0.722056 0.040582
0.722062 0.038456
0.722070 0.039116
0.722073 0.038053
0.722065 0.037394
0.722076 0.036990
0.722068 0.036331
0.722053 0.041645
0.722060 0.042304
0.722063 0.041241
0.722080 0.035927
0.722071 0.035268
0.722044 0.044833
0.722050 0.045492
0.722054 0.044429
0.705171 0.267922
0.597701 0.321978
0.598498 0.321746
0.598686 0.321690
0.723274 0.101576
0.723333 0.102359
0.723348 0.102612
0.723259 0.101324
0.723626 0.106501
0.723568 0.105718
0.723553 0.105465
0.723642 0.106753
0.597514 0.322034
0.596717 0.322265
0.723406 0.103395
0.588841 0.324564
0.588654 0.324620
0.587857 0.324852
0.479497 0.355045
0.479537 0.355025
0.480402 0.354587
0.481307 0.354130
0.480442 0.354568
0.481347 0.354110
0.482212 0.353672
0.721938 0.082696
0.721952 0.082939
0.577027 0.328013
0.577824 0.327782
0.578012 0.327726
0.576840 0.328069
0.579981 0.327151
0.579793 0.327207
0.578996 0.327438
0.578809 0.327494
0.500884 0.346367
0.501851 0.346111
0.580965 0.326863
0.580778 0.326919
0.735001 0.288208
0.735913 0.288653
0.641830 0.306677
0.641277 0.306875
0.640874 0.307016
0.670361 0.293326
0.671219 0.292835
0.671284 0.292799
0.642233 0.306535
0.643188 0.306193
0.645094 0.305486
0.644141 0.305843
0.646045 0.305122
0.649837 0.303595
0.648891 0.303988
0.584716 0.325770
0.583919 0.326001
0.582934 0.326289
0.583731 0.326057
0.438783 0.375641
0.437918 0.376079
0.437878 0.376099
0.413826 0.387819
0.437013 0.376537
0.436973 0.376556
0.453259 0.368318
0.452394 0.368756
0.452354 0.368776
0.445116 0.372437
0.444251 0.372875
0.444211 0.372895
0.626946 0.311968
0.627498 0.311770
0.627901 0.311629
0.620257 0.314345
0.620810 0.314147
0.698964 0.277088
0.699915 0.276586
0.614122 0.316524
0.613569 0.316722
0.613166 0.316864
0.612614 0.317062
0.695208 0.279139
0.696140 0.278620
0.697076 0.278105
0.615480 0.316043
0.615077 0.316184
0.614525 0.316383
0.616032 0.315845
0.616436 0.315704
0.705171 0.267677
0.705165 0.266602
0.723491 0.111279
0.723542 0.110815
0.723425 0.111812
0.723023 0.115266
0.722957 0.115798
0.723074 0.114802
0.723127 0.099506
0.723186 0.100288
0.723201 0.100541
0.723112 0.099253
0.600467 0.321171
0.599670 0.321403
0.599483 0.321459
0.601452 0.320884
0.601639 0.320828
0.602436 0.320597
0.600655 0.321115
0.718158 0.156661
0.718224 0.156129
0.718107 0.157126
0.718275 0.155665
0.708511 0.275374
0.709513 0.275828
0.712486 0.277218
0.703768 0.274617
0.704743 0.274136
0.702797 0.275103
0.698018 0.277595
0.710509 0.276287
0.711500 0.276751
0.701832 0.275593
0.700871 0.276087
0.694556 0.279507
0.718626 0.152675
0.718575 0.153139
0.718509 0.153671
0.718692 0.152142
0.718743 0.151678
0.718809 0.151146
0.718860 0.150681
0.706100 0.216086
0.721275 0.281503
0.720363 0.281058
0.720299 0.281026
0.719387 0.280581
0.719628 0.144169
0.719563 0.144701
0.719680 0.143705
0.719745 0.143172
0.705329 0.224637
0.719043 0.149152
0.718977 0.149685
0.718926 0.150149
0.719277 0.147159
0.719094 0.148688
0.719160 0.148156
0.719212 0.147691
0.705711 0.219701
0.715409 0.178048
0.715595 0.177053
0.715768 0.176058
0.722086 0.123239
0.722020 0.123772
0.705041 0.235988
0.705041 0.236232
0.713477 0.185988
0.713762 0.184997
0.705051 0.238873
0.705052 0.238628
0.705057 0.239949
0.705068 0.242590
0.705062 0.241514
0.705063 0.241269
0.714035 0.184005
0.705057 0.240194
0.713180 0.186979
0.712869 0.187969
0.715928 0.175063
0.705046 0.237308
0.705046 0.237553
0.705068 0.242834
0.705073 0.243910
0.705073 0.244155
0.721201 0.130748
0.717288 0.164102
0.717053 0.166096
0.717105 0.165631
0.717171 0.165099
0.717222 0.164635
0.705165 0.266357
0.705160 0.265281
0.708802 0.201291
0.709078 0.200212
0.705050 0.232293
0.705117 0.254473
0.705111 0.253398
0.705111 0.253153
0.705106 0.252077
0.705106 0.251833
0.787210 0.338215
0.786443 0.337366
0.471632 0.695230
0.471943 0.695517
0.472764 0.696179
0.428830 0.380675
0.427965 0.381113
0.427358 0.381414
0.425232 0.382461
0.426147 0.382017
0.427057 0.381567
0.429735 0.380218
0.428870 0.380656
0.722126 0.014012
0.722150 0.014671
0.722124 0.015075
0.722118 0.003371
0.722237 0.002963
0.058227 0.738384
0.058635 0.738550
0.094181 0.755072
0.093732 0.754724
0.079388 0.723432
0.080217 0.725816
0.080658 0.727052
0.085299 0.740295
0.084469 0.737911
0.084028 0.736676
0.083199 0.734292
0.073862 0.707714
0.074308 0.708949
0.078946 0.722196
0.078118 0.719811
0.077675 0.718576
0.076848 0.716191
0.297962 0.413769
0.299596 0.414012
0.299610 0.414014
0.258153 0.699472
0.258275 0.699379
0.257476 0.699980
0.276663 0.685558
0.277340 0.685050
0.277463 0.684957
0.288078 0.412298
0.289712 0.412541
0.289725 0.412543
0.276541 0.685651
0.275864 0.686159
0.275741 0.686252
0.275064 0.686760
0.431545 0.379302
0.431584 0.379283
0.432449 0.378845
0.429775 0.380198
0.430640 0.379760
0.430679 0.379740
0.632678 0.309931
0.633230 0.309733
0.633634 0.309591
0.632275 0.310072
0.640322 0.307214
0.670296 0.293362
0.639919 0.307356
0.639366 0.307554
0.635141 0.309054
0.634589 0.309252
0.634186 0.309393
0.635545 0.308912
0.773213 0.322626
0.773034 0.322423
0.772268 0.321574
0.791168 0.342631
0.791935 0.343479
0.792113 0.343684
0.790990 0.342427
0.790223 0.341578
0.754134 0.301367
0.754314 0.301570
0.756204 0.303675
0.756969 0.304525
0.757149 0.304728
0.386219 0.624645
0.386436 0.624759
0.387302 0.625222
0.317526 0.653648
0.763763 0.312098
0.763584 0.311895
0.762819 0.311045
0.761874 0.309992
0.762639 0.310842
0.426417 0.657262
0.426738 0.657535
0.427547 0.658211
0.321876 0.649466
0.321160 0.650174
0.341859 0.630068
0.341716 0.630190
0.342500 0.629519
0.473073 0.696469
0.473897 0.697128
0.461771 0.686965
0.462584 0.687637
0.457250 0.683167
0.456932 0.682891
0.307834 0.415238
0.307847 0.415240
0.306199 0.414995
0.309481 0.415483
0.309494 0.415485
0.306186 0.414993
0.304552 0.414750
0.301257 0.414259
0.302891 0.414502
0.302905 0.414504
0.304539 0.414747
0.301244 0.414257
0.280661 0.682554
0.280538 0.682647
0.279861 0.683155
0.297949 0.413767
0.296315 0.413524
0.418775 0.385497
0.418439 0.385652
0.417852 0.385930
0.365141 0.431190
0.365261 0.431913
0.365316 0.432232
0.364618 0.428062
0.364737 0.428785
0.364563 0.427742
0.364443 0.427019
0.722112 0.020389
0.722127 0.021049
0.722083 0.031017
0.722093 0.031676
0.722080 0.032080
0.722090 0.032739
0.722077 0.033143
0.722089 0.028892
0.722103 0.028488
0.722092 0.027829
0.722096 0.030614
0.722086 0.029955
0.722100 0.029551
0.014181 0.720154
0.012899 0.719609
0.014593 0.720311
0.010790 0.718753
0.009509 0.718203
0.011204 0.718906
0.012486 0.719454
0.009093 0.718052
0.041289 0.731372
0.040003 0.730835
0.243104 0.710821
0.243894 0.710207
0.116509 0.772268
0.117123 0.772739
0.117572 0.773087
0.242608 0.711211
0.248682 0.706590
0.248559 0.706683
0.247882 0.707191
0.249359 0.706082
0.249481 0.705989
0.112870 0.769464
0.112256 0.768993
0.246161 0.708485
0.246283 0.708392
0.113319 0.769812
0.251080 0.704787
0.251757 0.704279
0.251880 0.704186
0.252557 0.703678
0.130944 0.783385
0.130331 0.782914
0.129881 0.782566
0.131394 0.783733
0.233093 0.719159
0.233844 0.718490
0.129267 0.782095
0.169765 0.768081
0.168829 0.768583
0.170697 0.767576
0.167889 0.769080
0.166945 0.769575
0.165997 0.770065
0.165045 0.770552
0.172548 0.766555
0.171624 0.767067
0.173468 0.766039
0.174384 0.765519
0.176203 0.764469
0.175295 0.764996
0.182445 0.760678
0.181566 0.761230
0.183321 0.760122
0.180682 0.761779
0.179794 0.762324
0.178902 0.762866
0.177107 0.763938
0.178007 0.763404
0.185060 0.758999
0.184193 0.759562
0.185839 0.758488
0.185924 0.758432
0.187647 0.757295
0.186788 0.757865
0.223372 0.727893
0.223541 0.727743
0.222793 0.728414
0.254156 0.702476
0.254278 0.702383
0.254955 0.701875
0.224120 0.727221
0.224289 0.727071
0.141814 0.782026
0.141872 0.781996
0.144772 0.780532
0.145693 0.780067
0.145738 0.780044
0.144714 0.780562
0.222624 0.728565
0.225615 0.725877
0.225784 0.725727
0.225037 0.726399
0.224868 0.726549
0.127416 0.813617
0.127336 0.814406
0.127461 0.813195
0.124803 0.839048
0.124724 0.839836
0.124848 0.838625
0.124679 0.840259
0.124599 0.841047
0.130414 0.799916
0.130622 0.799135
0.130701 0.798845
0.130335 0.800206
0.130910 0.798065
0.749409 0.296103
0.748644 0.295253
0.723140 0.114269
0.722840 0.116795
0.722789 0.117259
0.722723 0.117792
0.722906 0.116262
0.722672 0.118256
0.746648 0.293896
0.745736 0.293451
0.745672 0.293419
0.668517 0.294380
0.669374 0.293890
0.669439 0.293853
0.668452 0.294417
0.723227 0.282456
0.722315 0.282011
0.722251 0.281980
0.723290 0.282488
0.724203 0.282933
0.721339 0.281535
0.694280 0.279661
0.692431 0.280712
0.692496 0.280675
0.693353 0.280185
0.752244 0.299261
0.751479 0.298411
0.751299 0.298209
0.414162 0.387663
0.414749 0.387385
0.415084 0.387230
0.416007 0.386797
0.415671 0.386952
0.720265 0.138721
0.720331 0.138189
0.720382 0.137725
0.720448 0.137192
0.720499 0.136728
0.720916 0.133206
0.720850 0.133738
0.720799 0.134202
0.720733 0.134735
0.721150 0.131212
0.720967 0.132742
0.721033 0.132209
0.721084 0.131745
0.732986 0.287223
0.732073 0.286778
0.732010 0.286746
0.733049 0.287254
0.731098 0.286301
0.731034 0.286270
0.730122 0.285825
0.730058 0.285793
0.729146 0.285348
0.721435 0.128755
0.721501 0.128222
0.721552 0.127758
0.721618 0.127226
0.722083 0.034865
0.722074 0.034206
0.722086 0.033802
0.723776 0.108822
0.723725 0.109286
0.723659 0.109818
0.723608 0.110282
0.723421 0.103647
0.723480 0.104430
0.723495 0.104683
0.594748 0.322840
0.722966 0.097182
0.722907 0.096399
0.722892 0.096147
0.722980 0.097435
0.723039 0.098218
0.723054 0.098470
0.722819 0.095111
0.722760 0.094329
0.722834 0.095364
0.722745 0.094076
0.722687 0.093293
0.586872 0.325139
0.587669 0.324908
0.586685 0.325195
0.365056 0.605254
0.365071 0.605049
0.365143 0.604093
0.365231 0.602932
0.365158 0.603888
0.466831 0.361453
0.465966 0.361891
0.465926 0.361910
0.466870 0.361433
0.467735 0.360995
0.468640 0.360537
0.467775 0.360975
0.474069 0.357791
0.473204 0.358229
0.473164 0.358249
0.482252 0.353652
0.483117 0.353214
0.484024 0.352767
0.484936 0.352330
0.485850 0.351904
0.486340 0.351682
0.722231 0.086828
0.722172 0.086045
0.722158 0.085793
0.722246 0.087081
0.722099 0.085010
0.722084 0.084757
0.722026 0.083975
0.722011 0.083722
0.721938 0.082686
0.721936 0.082027
0.320440 0.650878
0.387518 0.625336
0.582747 0.326345
0.581950 0.326576
0.581762 0.326632
0.722378 0.088899
0.722319 0.088116
0.722305 0.087864
0.722393 0.089152
0.722452 0.089934
0.722466 0.090187
0.722672 0.093041
0.722613 0.092258
0.675830 0.290200
0.675895 0.290163
0.676752 0.289673
0.679519 0.288091
0.678662 0.288582
0.678597 0.288618
0.628453 0.311431
0.628856 0.311289
0.657368 0.300242
0.656430 0.300684
0.658304 0.299793
0.667595 0.294907
0.313051 0.657667
0.312293 0.658321
0.313805 0.657009
0.659238 0.299336
0.660172 0.298872
0.666671 0.295428
0.665746 0.295941
0.653611 0.301969
0.652669 0.302383
0.651725 0.302790
0.651622 0.302833
0.661104 0.298402
0.655492 0.301120
0.654552 0.301548
0.662035 0.297924
0.662965 0.297439
0.663893 0.296947
0.664820 0.296447
0.395095 0.630956
0.394774 0.630683
0.393965 0.630006
0.314557 0.656345
0.650782 0.303195
0.646995 0.304751
0.647943 0.304373
0.463514 0.607510
0.463560 0.607496
0.468190 0.606295
0.472870 0.605079
0.468239 0.606278
0.364460 0.613178
0.364532 0.612222
0.364459 0.613184
0.364653 0.613279
0.421448 0.618448
0.416818 0.619652
0.416774 0.619664
0.458688 0.365572
0.457823 0.366010
0.457783 0.366030
0.453299 0.368298
0.454164 0.367860
0.438822 0.375621
0.439687 0.375183
0.440592 0.374726
0.439727 0.375164
0.440632 0.374706
0.441497 0.374268
0.441537 0.374248
0.442402 0.373810
0.447870 0.371044
0.448735 0.370606
0.447830 0.371064
0.450584 0.369671
0.451449 0.369233
0.451489 0.369214
0.442442 0.373791
0.443307 0.373352
0.443346 0.373333
0.446965 0.371502
0.446926 0.371522
0.687819 0.283347
0.687884 0.283311
0.688742 0.282820
0.625035 0.312647
0.625587 0.312449
0.625990 0.312308
0.626542 0.312110
0.623676 0.313128
0.623124 0.313327
0.624079 0.312987
0.622721 0.313468
0.624631 0.312789
0.621213 0.314006
0.621765 0.313808
0.622168 0.313666
0.603729 0.320218
0.605136 0.332127
0.609272 0.367042
0.609228 0.366747
0.609747 0.318081
0.610300 0.317882
0.610703 0.317741
0.612211 0.317203
0.611658 0.317401
0.611255 0.317543
0.617943 0.315166
0.617391 0.315364
0.616988 0.315505
0.723191 0.113805
0.723257 0.113272
0.723308 0.112808
0.723374 0.112276
0.594560 0.322896
0.593763 0.323127
0.592779 0.323415
0.593576 0.323183
0.718458 0.154136
0.718392 0.154668
0.718341 0.155132
0.705095 0.249437
0.705100 0.250512
0.705100 0.250757
0.721852 0.125232
0.721903 0.124768
0.721969 0.124236
0.800618 0.353160
0.801387 0.354007
0.801563 0.354213
0.797783 0.350001
0.798551 0.350849
0.798728 0.351054
0.721995 0.061836
0.721999 0.062495
0.721992 0.062899
0.722019 0.053334
0.722028 0.052931
0.722023 0.052272
0.722099 0.002300
0.722278 0.001887
0.085735 0.749770
0.087021 0.750305
0.087428 0.750471
0.088715 0.751006
0.085328 0.749604
0.084041 0.749069
0.065410 0.741355
0.065002 0.741189
0.063716 0.740653
0.092055 0.753435
0.092669 0.753905
0.093118 0.754253
0.082758 0.733056
0.081929 0.730672
0.081487 0.729436
0.076404 0.714956
0.075578 0.712570
0.075133 0.711335
0.291359 0.412786
0.291372 0.412789
0.262273 0.696374
0.262950 0.695866
0.263072 0.695774
0.262150 0.696467
0.261703 0.408372
0.260069 0.408132
0.261717 0.408377
0.263352 0.408618
0.263365 0.408622
0.263749 0.695266
0.263872 0.695173
0.257354 0.700073
0.256676 0.700581
0.259075 0.698778
0.259752 0.698270
0.259874 0.698177
0.258953 0.698871
0.260551 0.697669
0.324778 0.646514
0.325408 0.645862
0.326107 0.645131
0.326247 0.644984
0.302246 0.666330
0.302923 0.665821
0.303046 0.665729
0.316789 0.654329
0.316048 0.655006
0.319717 0.651577
0.303723 0.665221
0.304519 0.664616
0.310766 0.659616
0.311531 0.658971
0.307671 0.662152
0.308450 0.661525
0.309225 0.660893
0.306888 0.662775
0.306102 0.663393
0.305312 0.664007
0.315304 0.655678
0.324706 0.646589
0.324004 0.647315
0.309997 0.660257
0.322589 0.648754
0.323298 0.648036
0.369155 0.455172
0.369100 0.454852
0.368981 0.454129
0.367061 0.442659
0.367181 0.443383
0.367236 0.443702
0.366712 0.440574
0.366832 0.441297
0.366887 0.441617
0.367006 0.442340
0.366363 0.438489
0.366483 0.439212
0.366538 0.439531
0.366657 0.440255
0.368283 0.449958
0.368228 0.449639
0.368108 0.448916
0.368402 0.450682
0.436108 0.376994
0.436068 0.377014
0.435164 0.377472
0.434299 0.377910
0.435203 0.377452
0.432489 0.378825
0.433354 0.378387
0.433394 0.378367
0.434259 0.377929
0.367355 0.444425
0.367410 0.444745
0.365959 0.436084
0.366014 0.436403
0.365839 0.435361
0.366031 0.592276
0.366104 0.591319
0.366118 0.591114
0.638411 0.307893
0.638008 0.308035
0.638963 0.307695
0.637455 0.308233
0.672141 0.292308
0.637052 0.308374
0.636500 0.308573
0.636097 0.308714
0.427868 0.658484
0.428677 0.659160
0.770199 0.319265
0.770378 0.319468
0.432068 0.662008
0.432388 0.662281
0.433198 0.662957
0.773979 0.323476
0.774158 0.323679
0.774924 0.324529
0.775103 0.324732
0.792880 0.344532
0.793058 0.344737
0.790045 0.341374
0.789278 0.340525
0.789100 0.340321
0.755079 0.302420
0.755259 0.302623
0.756024 0.303473
0.760929 0.308940
0.760749 0.308737
0.759984 0.307887
0.761694 0.309790
0.768309 0.317159
0.767543 0.316309
0.425608 0.656586
0.290931 0.674835
0.291054 0.674742
0.291731 0.674234
0.292530 0.673633
0.291853 0.674141
0.431258 0.661332
0.287056 0.677747
0.287733 0.677239
0.286934 0.677839
0.436588 0.665805
0.435778 0.665129
0.435458 0.664855
0.436909 0.666078
0.437718 0.666754
0.428998 0.659433
0.292653 0.673540
0.293330 0.673032
0.409465 0.643023
0.408656 0.642347
0.408335 0.642074
0.293452 0.672939
0.294129 0.672431
0.333365 0.637765
0.332634 0.638473
0.334101 0.637060
0.334842 0.636358
0.294252 0.672339
0.365420 0.600404
0.365405 0.600609
0.365493 0.599448
0.340156 0.631538
0.340934 0.630862
0.286257 0.678348
0.474204 0.697422
0.475032 0.698077
0.207068 0.742505
0.206305 0.743163
0.462901 0.687915
0.463715 0.688586
0.464031 0.688865
0.456120 0.682218
0.455802 0.681941
0.278262 0.684356
0.278939 0.683848
0.279062 0.683756
0.278140 0.684449
0.279739 0.683248
0.296301 0.413522
0.294667 0.413279
0.366140 0.423958
0.365900 0.424220
0.417517 0.386085
0.416930 0.386363
0.416594 0.386519
0.364792 0.429104
0.365086 0.430870
0.364967 0.430147
0.364912 0.429828
0.365436 0.432956
0.365490 0.433275
0.365682 0.596921
0.365755 0.595964
0.365769 0.595759
0.365842 0.594803
0.365856 0.594598
0.364388 0.426700
0.364276 0.425978
0.364270 0.425984
0.365245 0.602727
0.365318 0.601771
0.365333 0.601565
0.363905 0.425824
0.722109 0.021452
0.722124 0.022111
0.722106 0.022515
0.722107 0.027425
0.722095 0.026766
0.722110 0.026363
0.017982 0.721715
0.017571 0.721556
0.016288 0.721013
0.015876 0.720855
0.019266 0.722257
0.019676 0.722417
0.021370 0.723119
0.020960 0.722959
0.026043 0.725062
0.024758 0.724522
0.036207 0.729269
0.036615 0.729432
0.230850 0.721174
0.231019 0.721024
0.231598 0.720502
0.230271 0.721696
0.230102 0.721846
0.247760 0.707284
0.247083 0.707792
0.246960 0.707884
0.250281 0.705388
0.250958 0.704880
0.250158 0.705481
0.252679 0.703585
0.253356 0.703077
0.253479 0.702984
0.119374 0.891909
0.119453 0.891120
0.119499 0.890698
0.119623 0.889487
0.119577 0.889909
0.119328 0.892331
0.119250 0.893120
0.119747 0.888276
0.119826 0.887487
0.119872 0.887065
0.119702 0.888698
0.120494 0.881010
0.120448 0.881432
0.120369 0.882221
0.122609 0.860423
0.122564 0.860846
0.122484 0.861634
0.122688 0.859635
0.122733 0.859212
0.121613 0.870111
0.121693 0.869323
0.121738 0.868900
0.121568 0.870534
0.121489 0.871322
0.121862 0.867689
0.121817 0.868112
0.124554 0.841470
0.124475 0.842258
0.157327 0.774354
0.156382 0.774815
0.156359 0.774827
0.155414 0.775288
0.155391 0.775299
0.152488 0.776717
0.151543 0.777178
0.151520 0.777190
0.150575 0.777651
0.142780 0.781538
0.154423 0.775772
0.153479 0.776233
0.153455 0.776244
0.152511 0.776705
0.154447 0.775760
0.217559 0.733118
0.218137 0.732596
0.218306 0.732446
0.218885 0.731924
0.164090 0.771036
0.163130 0.771515
0.161221 0.772452
0.162166 0.771992
0.161198 0.772464
0.160254 0.772925
0.160230 0.772937
0.159286 0.773398
0.159262 0.773409
0.158318 0.773870
0.158294 0.773882
0.157350 0.774343
0.210081 0.739837
0.210660 0.739315
0.210829 0.739165
0.209912 0.739987
0.209333 0.740508
0.211407 0.738643
0.211576 0.738493
0.212155 0.737971
0.255877 0.701182
0.255755 0.701275
0.255077 0.701783
0.256554 0.700674
0.260052 0.408123
0.142838 0.781508
0.143747 0.781050
0.143805 0.781020
0.127291 0.814828
0.127212 0.815617
0.127585 0.811984
0.127665 0.811195
0.127709 0.810773
0.127540 0.812406
0.127789 0.809984
0.124972 0.837414
0.125052 0.836626
0.125097 0.836203
0.124927 0.837837
0.749414 0.294100
0.749493 0.294072
0.748035 0.294573
0.747688 0.294404
0.747624 0.294373
0.746712 0.293928
0.751932 0.293236
0.752012 0.293208
0.744696 0.292943
0.743784 0.292498
0.743720 0.292466
0.744760 0.292974
0.686040 0.284365
0.686897 0.283874
0.686962 0.283838
0.685975 0.284402
0.685117 0.284892
0.688806 0.282784
0.689664 0.282293
0.689729 0.282256
0.728170 0.284871
0.729082 0.285316
0.679584 0.288055
0.681428 0.287000
0.681364 0.287037
0.680506 0.287528
0.680441 0.287564
0.728106 0.284840
0.727194 0.284395
0.727130 0.284363
0.726154 0.283886
0.726218 0.283918
0.720682 0.135199
0.720616 0.135732
0.720565 0.136196
0.735977 0.288684
0.736889 0.289129
0.739881 0.290591
0.740793 0.291036
0.739817 0.290559
0.740856 0.291068
0.738905 0.290114
0.741769 0.291513
0.744122 0.105569
0.742255 0.105899
0.738797 0.106404
0.747590 0.105076
0.749482 0.104721
0.736939 0.106723
0.733485 0.107235
0.723700 0.107536
0.723715 0.107789
0.562073 0.332380
0.561276 0.332611
0.562260 0.332324
0.518626 0.342801
0.518622 0.342802
0.517636 0.342982
0.516645 0.343164
0.517631 0.342983
0.514663 0.343527
0.515649 0.343346
0.515654 0.343345
0.514658 0.343528
0.513672 0.343709
0.516640 0.343165
0.564042 0.331805
0.563245 0.332037
0.564229 0.331749
0.563057 0.332093
0.561088 0.332668
0.560291 0.332899
0.565026 0.331518
0.565214 0.331462
0.464116 0.362826
0.463251 0.363264
0.463212 0.363283
0.461402 0.364199
0.460537 0.364637
0.460497 0.364656
0.464156 0.362806
0.465021 0.362368
0.465061 0.362348
0.472299 0.358687
0.472259 0.358707
0.519612 0.342620
0.372122 0.472898
0.372067 0.472578
0.371948 0.471855
0.372242 0.473621
0.372297 0.473940
0.371020 0.466322
0.370901 0.465599
0.370846 0.465279
0.370726 0.464556
0.370671 0.464237
0.371075 0.466641
0.721941 0.081624
0.721939 0.080964
0.721945 0.080561
0.381890 0.622335
0.382106 0.622449
0.382972 0.622913
0.381024 0.621872
0.380808 0.621758
0.388384 0.625800
0.722598 0.092005
0.722540 0.091222
0.722525 0.090970
0.676817 0.289636
0.677674 0.289146
0.677739 0.289109
0.630364 0.310751
0.629812 0.310950
0.629409 0.311091
0.395904 0.631632
0.396225 0.631905
0.393644 0.629734
0.392835 0.629057
0.392514 0.628785
0.672206 0.292272
0.673063 0.291781
0.673128 0.291745
0.736953 0.289161
0.673985 0.291254
0.674050 0.291217
0.674908 0.290727
0.674973 0.290690
0.366891 0.614398
0.365775 0.613837
0.364547 0.612017
0.364620 0.611060
0.364634 0.610855
0.412144 0.620867
0.535466 0.339704
0.536455 0.339502
0.456013 0.366925
0.456878 0.366487
0.456918 0.366468
0.538432 0.339066
0.537444 0.339289
0.455973 0.366945
0.454204 0.367841
0.455069 0.367403
0.455108 0.367383
0.539420 0.338832
0.448775 0.370587
0.370552 0.463513
0.449680 0.370129
0.449640 0.370149
0.450545 0.369691
0.369679 0.458300
0.369624 0.457980
0.369504 0.457257
0.445156 0.372417
0.446021 0.371979
0.446061 0.371960
0.609344 0.318222
0.608792 0.318420
0.604015 0.320118
0.604567 0.319920
0.604970 0.319778
0.605165 0.332357
0.607182 0.349433
0.607213 0.349671
0.802332 0.355060
0.802508 0.355267
0.799496 0.351902
0.799673 0.352107
0.800442 0.352955
0.722002 0.061432
0.721998 0.060773
0.722005 0.060370
0.722001 0.059711
0.722008 0.059307
0.722004 0.058648
0.722012 0.058244
0.722007 0.057585
0.721996 0.063558
0.721989 0.063961
0.722021 0.055056
0.722016 0.054397
0.722024 0.053994
0.722013 0.055460
0.722010 0.056523
0.722018 0.056119
0.722015 0.057182
0.722031 0.051868
0.722026 0.051209
0.722045 0.001216
0.722431 0.000771
0.081940 0.748201
0.080654 0.747666
0.082347 0.748367
0.083634 0.748902
0.080246 0.747500
0.078960 0.746965
0.060329 0.739251
0.061615 0.739787
0.062022 0.739952
0.059921 0.739086
0.063309 0.740488
0.266647 0.409109
0.265013 0.408867
0.266660 0.409112
0.264999 0.408864
0.264671 0.694572
0.264549 0.694665
0.294654 0.413277
0.293020 0.413034
0.293007 0.413031
0.359118 0.616756
0.358244 0.617364
0.360882 0.615552
0.361770 0.614954
0.359998 0.616152
0.344078 0.420630
0.342443 0.420387
0.344091 0.420633
0.363561 0.613769
0.362664 0.614360
0.219054 0.731774
0.219633 0.731253
0.221298 0.729758
0.221876 0.729237
0.222045 0.729086
0.221129 0.729909
0.284783 0.411808
0.286417 0.412051
0.286430 0.412053
0.274942 0.686853
0.274265 0.687361
0.288064 0.412296
0.283122 0.411561
0.283135 0.411563
0.281488 0.411318
0.284769 0.411806
0.278193 0.410828
0.279827 0.411070
0.279840 0.411073
0.281474 0.411316
0.276532 0.410580
0.276545 0.410583
0.274898 0.410337
0.278179 0.410825
0.274884 0.410335
0.273250 0.410092
0.336337 0.634965
0.335587 0.635660
0.368577 0.451724
0.368457 0.451001
0.368632 0.452044
0.371195 0.467365
0.371250 0.467684
0.368751 0.452767
0.368926 0.453810
0.368806 0.453086
0.367428 0.573696
0.367413 0.573901
0.367340 0.574857
0.366308 0.438169
0.366188 0.437446
0.366134 0.437127
0.367759 0.446830
0.367704 0.446511
0.367585 0.445787
0.367530 0.445468
0.366540 0.585513
0.366467 0.586469
0.366555 0.585308
0.368053 0.448596
0.367934 0.447873
0.367879 0.447553
0.430937 0.661058
0.430128 0.660383
0.429807 0.660109
0.771144 0.320318
0.771323 0.320521
0.772089 0.321370
0.289332 0.676037
0.288655 0.676545
0.288533 0.676638
0.287856 0.677146
0.793825 0.345585
0.794003 0.345790
0.759804 0.307684
0.759039 0.306834
0.425287 0.656312
0.424478 0.655636
0.424157 0.655363
0.765653 0.314204
0.766419 0.315054
0.766598 0.315257
0.423347 0.654687
0.767364 0.316106
0.433518 0.663231
0.434328 0.663906
0.434648 0.664180
0.438039 0.667028
0.438849 0.667703
0.289455 0.675944
0.290132 0.675436
0.290254 0.675343
0.423027 0.654414
0.422217 0.653738
0.421896 0.653465
0.764529 0.312948
0.764708 0.313151
0.421087 0.652789
0.420766 0.652515
0.765474 0.314001
0.407526 0.641397
0.407205 0.641125
0.294929 0.671830
0.295850 0.671137
0.295728 0.671230
0.295051 0.671738
0.331185 0.639899
0.331907 0.639184
0.330467 0.640616
0.337092 0.634273
0.337851 0.633584
0.302124 0.666422
0.301447 0.666930
0.299848 0.668132
0.300525 0.667624
0.300647 0.667531
0.328342 0.642790
0.327643 0.643521
0.301324 0.667023
0.329046 0.642062
0.327503 0.643668
0.326945 0.644252
0.326805 0.644400
0.475335 0.698377
0.476169 0.699026
0.205538 0.743817
0.454990 0.681268
0.454671 0.680992
0.268546 0.691660
0.268668 0.691567
0.269346 0.691059
0.269468 0.690966
0.365088 0.425099
0.364516 0.425716
0.365328 0.424837
0.363463 0.425627
0.365507 0.599243
0.365580 0.598287
0.365594 0.598082
0.365667 0.597126
0.365665 0.434318
0.365785 0.435041
0.365610 0.433998
0.365929 0.593642
0.365944 0.593437
0.366016 0.592481
0.024349 0.724361
0.023064 0.723821
0.022655 0.723660
0.039595 0.730671
0.038309 0.730134
0.037901 0.729970
0.231767 0.720352
0.232345 0.719830
0.232514 0.719680
0.228776 0.723039
0.229354 0.722518
0.229523 0.722367
0.115336 0.934516
0.115236 0.935638
0.115345 0.934436
0.115997 0.927222
0.115988 0.927302
0.115888 0.928425
0.119001 0.895542
0.118955 0.895964
0.118877 0.896753
0.118706 0.898386
0.118628 0.899175
0.118752 0.897964
0.118831 0.897175
0.116749 0.918886
0.116648 0.920009
0.116757 0.918806
0.116858 0.917684
0.116866 0.917604
0.119080 0.894753
0.119125 0.894331
0.119204 0.893542
0.120618 0.879799
0.120697 0.879010
0.120743 0.878588
0.120573 0.880221
0.120867 0.877377
0.120946 0.876588
0.120991 0.876166
0.120822 0.877799
0.121070 0.875378
0.121116 0.874955
0.121240 0.873744
0.121319 0.872956
0.121365 0.872533
0.121195 0.874167
0.121444 0.871745
0.120324 0.882643
0.120245 0.883432
0.119996 0.885854
0.120075 0.885065
0.120121 0.884643
0.119951 0.886276
0.120199 0.883854
0.114476 0.944055
0.114467 0.944134
0.114367 0.945257
0.114258 0.946459
0.114358 0.945336
0.122439 0.862057
0.122360 0.862845
0.122812 0.858424
0.122857 0.858001
0.123231 0.854368
0.123310 0.853580
0.123355 0.853157
0.123853 0.848313
0.123808 0.848736
0.123728 0.849524
0.123604 0.850735
0.123683 0.849947
0.124430 0.842681
0.124350 0.843469
0.124226 0.844680
0.124305 0.843892
0.124181 0.845103
0.124102 0.845891
0.217390 0.733268
0.216811 0.733790
0.208582 0.741178
0.468552 0.692665
0.469369 0.693332
0.212324 0.737821
0.212903 0.737300
0.213072 0.737149
0.213651 0.736628
0.127167 0.816039
0.127087 0.816828
0.127043 0.817250
0.126963 0.818039
0.125719 0.830148
0.125674 0.830571
0.125594 0.831359
0.762086 0.289749
0.762007 0.289777
0.759568 0.290614
0.774680 0.285426
0.777119 0.284589
0.777199 0.284561
0.779638 0.283724
0.779717 0.283696
0.742808 0.292021
0.742744 0.291989
0.741832 0.291544
0.724266 0.282965
0.725178 0.283410
0.725242 0.283441
0.685053 0.284929
0.684195 0.285419
0.738841 0.290083
0.737929 0.289638
0.737865 0.289606
0.802386 0.275913
0.804826 0.275078
0.804905 0.275048
0.807345 0.274213
0.807424 0.274183
0.809864 0.273349
0.809944 0.273318
0.802307 0.275942
0.799867 0.276778
0.812384 0.272484
0.812463 0.272453
0.797349 0.277643
0.799788 0.276807
0.814903 0.271619
0.814983 0.271587
0.797269 0.277672
0.794830 0.278508
0.817424 0.270755
0.817504 0.270720
0.794750 0.278536
0.792311 0.279372
0.819946 0.269890
0.820031 0.269848
0.792232 0.279401
0.789792 0.280237
0.789713 0.280266
0.787274 0.281102
0.822476 0.269026
0.752986 0.104255
0.755035 0.103804
0.726327 0.108372
0.728179 0.108064
0.723784 0.108754
0.723773 0.108571
0.731631 0.107547
0.558135 0.333530
0.558322 0.333474
0.559119 0.333242
0.560104 0.332955
0.559307 0.333186
0.476783 0.356418
0.476823 0.356399
0.477688 0.355960
0.475918 0.356856
0.475878 0.356876
0.513667 0.343710
0.512681 0.343890
0.566011 0.331231
0.566198 0.331174
0.461442 0.364179
0.462307 0.363741
0.462347 0.363721
0.458727 0.365552
0.459592 0.365114
0.459632 0.365095
0.534475 0.339896
0.471394 0.359145
0.471354 0.359164
0.369113 0.551651
0.369224 0.550507
0.371893 0.471535
0.371773 0.470812
0.371718 0.470493
0.371599 0.469769
0.369009 0.552801
0.368913 0.553956
0.371542 0.529687
0.369343 0.549368
0.372416 0.474664
0.368824 0.555116
0.368810 0.555321
0.372063 0.525307
0.366293 0.588792
0.366278 0.588997
0.366205 0.589953
0.366191 0.590158
0.372471 0.474983
0.372643 0.476025
0.372963 0.478106
0.372807 0.477066
0.373111 0.479144
0.373729 0.484315
0.373828 0.485345
0.383189 0.623027
0.384055 0.623490
0.379942 0.621295
0.379725 0.621180
0.397034 0.632582
0.748464 0.295050
0.397355 0.632854
0.391705 0.628108
0.391384 0.627835
0.390575 0.627159
0.390253 0.626886
0.454210 0.609928
0.458840 0.608725
0.458884 0.608712
0.454165 0.609941
0.449536 0.611144
0.444817 0.612372
0.444861 0.612359
0.449491 0.611156
0.430795 0.616018
0.430840 0.616006
0.435469 0.614802
0.421492 0.618437
0.426121 0.617233
0.426166 0.617221
0.590810 0.323989
0.590623 0.324045
0.589826 0.324277
0.589638 0.324333
0.369449 0.456938
0.369330 0.456214
0.369275 0.455895
0.370028 0.460385
0.370147 0.461109
0.370202 0.461428
0.369798 0.459023
0.369973 0.460066
0.369853 0.459343
0.608389 0.318561
0.607837 0.318760
0.607433 0.318901
0.606881 0.319099
0.605926 0.319439
0.606478 0.319241
0.605522 0.319580
0.803277 0.356113
0.803453 0.356320
0.784553 0.335261
0.785320 0.336110
0.785498 0.336314
0.784375 0.335057
0.783608 0.334208
0.786265 0.337162
0.781718 0.332102
0.781539 0.331898
0.780773 0.331049
0.721989 0.065683
0.721985 0.065024
0.721992 0.064621
0.722034 0.050805
0.722029 0.050146
0.343735 0.400171
0.342118 0.397298
0.341884 0.396873
0.340267 0.394000
0.340033 0.393575
0.343969 0.400596
0.345586 0.403468
0.338182 0.390277
0.336565 0.387405
0.336331 0.386978
0.338416 0.390702
0.345820 0.403893
0.347436 0.406766
0.347671 0.407191
0.349287 0.410064
0.353224 0.417084
0.354839 0.419957
0.352989 0.416659
0.356232 0.422439
0.356519 0.422565
0.355075 0.420381
0.068390 0.742592
0.067104 0.742056
0.068797 0.742757
0.066696 0.741890
0.265471 0.693971
0.266148 0.693463
0.266270 0.693370
0.268294 0.409354
0.268308 0.409357
0.265348 0.694064
0.269942 0.409599
0.269955 0.409602
0.266947 0.692862
0.267070 0.692769
0.267747 0.692261
0.267869 0.692168
0.271590 0.409845
0.271603 0.409847
0.273237 0.410090
0.340783 0.420140
0.340796 0.420142
0.339148 0.419897
0.342430 0.420385
0.357373 0.617974
0.356508 0.618588
0.339135 0.419895
0.337501 0.419652
0.362748 0.425314
0.362306 0.425117
0.349750 0.623615
0.350578 0.622975
0.327603 0.418179
0.325969 0.417936
0.327616 0.418181
0.351411 0.622339
0.219802 0.731102
0.220381 0.730581
0.220550 0.730430
0.416246 0.648719
0.415437 0.648042
0.416567 0.648991
0.417376 0.649668
0.299726 0.668225
0.368562 0.558600
0.368548 0.558805
0.368475 0.559761
0.368737 0.556277
0.368723 0.556482
0.368650 0.557438
0.368635 0.557643
0.371544 0.469450
0.371424 0.468727
0.371369 0.468407
0.367326 0.575062
0.367253 0.576018
0.367166 0.577179
0.367239 0.576223
0.367602 0.571373
0.367588 0.571578
0.367515 0.572534
0.367500 0.572739
0.374391 0.497603
0.374389 0.496589
0.374378 0.495574
0.366627 0.584352
0.366642 0.584147
0.366729 0.582986
0.366715 0.583191
0.366453 0.586674
0.366380 0.587631
0.366366 0.587836
0.373622 0.483284
0.373506 0.482251
0.374298 0.492519
0.374255 0.491498
0.367151 0.577384
0.374145 0.489453
0.374204 0.490476
0.374078 0.488428
0.339383 0.632217
0.338615 0.632899
0.329754 0.641338
0.794771 0.346638
0.794948 0.346842
0.415116 0.647769
0.414307 0.647093
0.413986 0.646820
0.413177 0.646144
0.412856 0.645871
0.757914 0.305578
0.758094 0.305781
0.758859 0.306631
0.439169 0.667977
0.439979 0.668652
0.282137 0.681445
0.281460 0.681953
0.281338 0.682046
0.282259 0.681352
0.406396 0.640448
0.406075 0.640175
0.298249 0.669334
0.298926 0.668826
0.299048 0.668733
0.298127 0.669427
0.297449 0.669935
0.547306 0.336691
0.546508 0.336922
0.546321 0.336979
0.476466 0.699337
0.477312 0.699975
0.204767 0.744468
0.453860 0.680319
0.453541 0.680043
0.270145 0.690458
0.270267 0.690365
0.115228 0.935718
0.115127 0.936841
0.116640 0.920088
0.116540 0.921211
0.115671 0.930829
0.115662 0.930909
0.115562 0.932032
0.115880 0.928504
0.115779 0.929627
0.115771 0.929707
0.117083 0.915200
0.117075 0.915279
0.116974 0.916402
0.116966 0.916481
0.117626 0.909188
0.117727 0.908065
0.117773 0.907598
0.118084 0.904441
0.118006 0.905230
0.118130 0.904019
0.117960 0.905652
0.117840 0.906861
0.117184 0.914077
0.117192 0.913997
0.117409 0.911593
0.117510 0.910470
0.117518 0.910390
0.118209 0.903230
0.118255 0.902808
0.117618 0.909268
0.109599 0.998167
0.109673 0.997042
0.109703 0.996962
0.109504 0.999381
0.109550 0.998252
0.113380 0.956157
0.113389 0.956077
0.113280 0.957280
0.114250 0.946539
0.114150 0.947661
0.111651 0.975314
0.111750 0.974192
0.111760 0.974112
0.111859 0.972989
0.111868 0.972910
0.111967 0.971787
0.111977 0.971707
0.109786 0.995837
0.109809 0.995758
0.122315 0.863268
0.122235 0.864056
0.122937 0.857213
0.122982 0.856790
0.123559 0.851158
0.123480 0.851946
0.123434 0.852369
0.124057 0.846314
0.123977 0.847102
0.123932 0.847525
0.213820 0.736477
0.214399 0.735956
0.214568 0.735805
0.215315 0.735133
0.215146 0.735284
0.216642 0.733940
0.216063 0.734461
0.215894 0.734612
0.469682 0.693615
0.470500 0.694281
0.470812 0.694566
0.207827 0.741843
0.041482 0.840501
0.037172 0.842005
0.043119 0.839878
0.066802 0.831389
0.071092 0.829865
0.072715 0.829269
0.054970 0.835632
0.059263 0.834111
0.060887 0.833510
0.047420 0.838366
0.049048 0.837754
0.078628 0.827148
0.082916 0.825621
0.084539 0.825028
0.119999 0.812308
0.118376 0.812896
0.114090 0.814428
0.106557 0.817137
0.102270 0.818668
0.108180 0.816548
0.070084 0.743293
0.065179 0.831987
0.112467 0.815017
0.090450 0.822908
0.094738 0.821379
0.096360 0.820788
0.078552 0.746799
0.053344 0.836237
0.088827 0.823500
0.125908 0.810188
0.100648 0.819258
0.077005 0.827742
0.073471 0.744695
0.073879 0.744861
0.075165 0.745396
0.124286 0.810776
0.126714 0.820461
0.126794 0.819672
0.126839 0.819250
0.126918 0.818461
0.125550 0.831782
0.125470 0.832570
0.126216 0.825304
0.126172 0.825727
0.126092 0.826515
0.125968 0.827726
0.126047 0.826938
0.125923 0.828149
0.125843 0.828937
0.125798 0.829360
0.764605 0.288884
0.767044 0.288048
0.767124 0.288020
0.764526 0.288912
0.769643 0.287155
0.772082 0.286318
0.772161 0.286290
0.769563 0.287183
0.774601 0.285454
0.756970 0.291506
0.754530 0.292343
0.757049 0.291478
0.759488 0.290642
0.754451 0.292371
0.782236 0.282831
0.784675 0.281995
0.784755 0.281967
0.782157 0.282860
0.787194 0.281130
0.684130 0.285456
0.683273 0.285946
0.529521 0.340804
0.528535 0.340985
0.528530 0.340985
0.529526 0.340803
0.530512 0.340622
0.527544 0.341166
0.527539 0.341167
0.556166 0.334105
0.556353 0.334048
0.557150 0.333817
0.557338 0.333761
0.522590 0.342074
0.522585 0.342075
0.521599 0.342256
0.525558 0.341530
0.525562 0.341529
0.526548 0.341349
0.526553 0.341348
0.555369 0.334336
0.555181 0.334392
0.477728 0.355941
0.478593 0.355503
0.478632 0.355483
0.512676 0.343891
0.474974 0.357334
0.474109 0.357772
0.475013 0.357314
0.511690 0.344072
0.511685 0.344073
0.470489 0.359602
0.470450 0.359622
0.521594 0.342257
0.374372 0.499627
0.374350 0.500638
0.367777 0.569051
0.367850 0.568095
0.367864 0.567889
0.367762 0.569256
0.367689 0.570212
0.367675 0.570417
0.374386 0.498616
0.373382 0.481216
0.373251 0.480181
0.373920 0.486374
0.374003 0.487402
0.366802 0.582029
0.384271 0.623604
0.385137 0.624067
0.385353 0.624182
0.574871 0.328644
0.378859 0.620717
0.399294 0.634480
0.398486 0.633803
0.398164 0.633531
0.364794 0.608738
0.364722 0.609694
0.364707 0.609899
0.364969 0.606415
0.364896 0.607372
0.364882 0.607577
0.364983 0.606210
0.364809 0.608533
0.592591 0.323471
0.591794 0.323702
0.591607 0.323758
0.435513 0.614790
0.440143 0.613587
0.440187 0.613575
0.370496 0.463194
0.370377 0.462471
0.370322 0.462151
0.368213 0.563245
0.368286 0.562288
0.368300 0.562083
0.368039 0.565567
0.368111 0.564611
0.368126 0.564406
0.368199 0.563450
0.804223 0.357166
0.804398 0.357373
0.783430 0.334004
0.782663 0.333155
0.782485 0.332951
0.780594 0.330846
0.779828 0.329996
0.722037 0.049743
0.722032 0.049084
0.722041 0.048680
0.334480 0.383680
0.332862 0.380808
0.332629 0.380381
0.334713 0.384107
0.331010 0.377510
0.330778 0.377082
0.349522 0.410489
0.351138 0.413362
0.351373 0.413786
0.075572 0.745562
0.076859 0.746098
0.077266 0.746264
0.071777 0.743994
0.070491 0.743459
0.072185 0.744160
0.334193 0.419160
0.334206 0.419162
0.332559 0.418917
0.353092 0.621075
0.353939 0.620449
0.361148 0.424607
0.360433 0.424293
0.361590 0.424803
0.359991 0.424096
0.325956 0.417934
0.324321 0.417691
0.348926 0.624258
0.330898 0.418669
0.329264 0.418426
0.330911 0.418672
0.332545 0.418915
0.329250 0.418424
0.352249 0.621705
0.349033 0.421368
0.350667 0.421611
0.350681 0.421613
0.349020 0.421366
0.347386 0.421123
0.297327 0.670028
0.296650 0.670536
0.296528 0.670629
0.419957 0.651839
0.419636 0.651566
0.412047 0.645194
0.411725 0.644922
0.368461 0.559966
0.368388 0.560922
0.368373 0.561127
0.374050 0.506670
0.374120 0.505668
0.374333 0.493539
0.374359 0.494557
0.366816 0.581824
0.366889 0.580868
0.366904 0.580663
0.366977 0.579707
0.366991 0.579502
0.367064 0.578546
0.367078 0.578341
0.795716 0.347691
0.795893 0.347895
0.284658 0.679549
0.284536 0.679642
0.283858 0.680150
0.286135 0.678440
0.285457 0.678948
0.285335 0.679041
0.440299 0.668926
0.441109 0.669602
0.405266 0.639499
0.404945 0.639226
0.545524 0.337210
0.545337 0.337266
0.544352 0.337551
0.543367 0.337827
0.542381 0.338091
0.541394 0.338346
0.540407 0.338590
0.540271 0.338622
0.547493 0.336635
0.548290 0.336404
0.477599 0.700310
0.478474 0.700923
0.203992 0.745115
0.452730 0.679369
0.452411 0.679094
0.270945 0.689857
0.271067 0.689765
0.114910 0.939245
0.115010 0.938123
0.115019 0.938043
0.114902 0.939325
0.114801 0.940448
0.115119 0.936920
0.118379 0.901597
0.118457 0.900808
0.118503 0.900386
0.118333 0.902019
0.118582 0.899597
0.117401 0.911672
0.117300 0.912795
0.117292 0.912875
0.116105 0.926020
0.116206 0.924897
0.116214 0.924818
0.116097 0.926100
0.116322 0.923616
0.116423 0.922493
0.116431 0.922413
0.116314 0.923695
0.116532 0.921291
0.115554 0.932111
0.115453 0.933234
0.115445 0.933313
0.113063 0.959684
0.113163 0.958562
0.113172 0.958482
0.113272 0.957359
0.114684 0.941729
0.114584 0.942852
0.114693 0.941650
0.114793 0.940527
0.114576 0.942932
0.111641 0.975394
0.111543 0.976517
0.112194 0.969303
0.112185 0.969382
0.112086 0.970505
0.112076 0.970585
0.112294 0.968180
0.112303 0.968100
0.112520 0.965696
0.112620 0.964573
0.112629 0.964494
0.113054 0.959764
0.112955 0.960887
0.112846 0.962089
0.112946 0.960966
0.110457 0.988541
0.110553 0.987417
0.110566 0.987338
0.110662 0.986215
0.110674 0.986136
0.110241 0.990946
0.110335 0.989822
0.110349 0.989743
0.110133 0.992148
0.110226 0.991025
0.110444 0.988620
0.110783 0.984933
0.110880 0.983810
0.110891 0.983731
0.110771 0.985013
0.110989 0.982608
0.111000 0.982529
0.122190 0.864479
0.122111 0.865267
0.123186 0.854791
0.123106 0.855579
0.123061 0.856002
0.035510 0.842656
0.031167 0.844143
0.029336 0.844923
0.126465 0.822883
0.126421 0.823305
0.126341 0.824094
0.126296 0.824516
0.126669 0.820883
0.126590 0.821672
0.126545 0.822094
0.125425 0.832993
0.125346 0.833781
0.683208 0.285983
0.682351 0.286473
0.682286 0.286510
0.550446 0.335773
0.551243 0.335542
0.551431 0.335485
0.550259 0.335829
0.552228 0.335254
0.520603 0.342438
0.519617 0.342619
0.520608 0.342437
0.552415 0.335198
0.553212 0.334967
0.523576 0.341894
0.523581 0.341893
0.524572 0.341711
0.524567 0.341712
0.554197 0.334679
0.554384 0.334623
0.553400 0.334911
0.510699 0.344253
0.510695 0.344254
0.566995 0.330943
0.567183 0.330887
0.469545 0.360080
0.469585 0.360060
0.468680 0.360518
0.368024 0.565772
0.367951 0.566728
0.367937 0.566933
0.374320 0.501646
0.374282 0.502654
0.374237 0.503660
0.374182 0.504665
0.373689 0.510665
0.373791 0.509668
0.373972 0.507671
0.373886 0.508670
0.378643 0.620603
0.377777 0.620140
0.377561 0.620026
0.407470 0.622083
0.407426 0.622095
0.412100 0.620879
0.402797 0.623298
0.402752 0.623310
0.398123 0.624514
0.398078 0.624525
0.805168 0.358219
0.805343 0.358426
0.779649 0.329793
0.778883 0.328943
0.327306 0.370912
0.328927 0.373783
0.327076 0.370483
0.325453 0.367613
0.325224 0.367181
0.329158 0.374211
0.319661 0.357244
0.318011 0.354384
0.317780 0.353826
0.323372 0.363877
0.321743 0.361010
0.321518 0.360568
0.323599 0.364312
0.319883 0.357703
0.356960 0.422761
0.357676 0.423075
0.355623 0.422348
0.355647 0.619205
0.354791 0.619825
0.337488 0.419650
0.335854 0.419407
0.335840 0.419405
0.324308 0.417689
0.322674 0.417446
0.348106 0.624904
0.352315 0.421856
0.352328 0.421858
0.347372 0.421121
0.345738 0.420878
0.345725 0.420876
0.417697 0.649941
0.418506 0.650617
0.418827 0.650890
0.409786 0.643296
0.410595 0.643972
0.410917 0.644245
0.796661 0.348743
0.796838 0.348948
0.797606 0.349796
0.283736 0.680243
0.283059 0.680751
0.282937 0.680844
0.441429 0.669876
0.442239 0.670551
0.404136 0.638550
0.403815 0.638277
0.532498 0.340258
0.533484 0.340077
0.533489 0.340077
0.532494 0.340259
0.531503 0.340441
0.530517 0.340621
0.531508 0.340440
0.548477 0.336348
0.549275 0.336116
0.549462 0.336060
0.202430 0.746399
0.203213 0.745759
0.478742 0.701355
0.271744 0.689257
0.271866 0.689164
0.113606 0.953673
0.113598 0.953752
0.113498 0.954875
0.113489 0.954955
0.113932 0.950066
0.114032 0.948943
0.114041 0.948864
0.114141 0.947741
0.113815 0.951348
0.113715 0.952471
0.113824 0.951268
0.113924 0.950145
0.113706 0.952550
0.111325 0.978921
0.111424 0.977798
0.111434 0.977719
0.111533 0.976596
0.112511 0.965775
0.112411 0.966898
0.112402 0.966978
0.112728 0.963371
0.112737 0.963291
0.112837 0.962168
0.110007 0.993430
0.109917 0.994554
0.110025 0.993351
0.110117 0.992228
0.109897 0.994634
0.122066 0.865690
0.121987 0.866478
0.121941 0.866901
0.125301 0.834204
0.125221 0.834992
0.125176 0.835415
0.111098 0.981406
0.111315 0.979001
0.509709 0.344435
0.509704 0.344436
0.569949 0.330081
0.570136 0.330025
0.570933 0.329794
0.569151 0.330312
0.568964 0.330368
0.568167 0.330600
0.567980 0.330656
0.393449 0.625729
0.389956 0.626637
0.393405 0.625741
0.806113 0.359272
0.806288 0.359479
0.778704 0.328740
0.777938 0.327891
0.358118 0.423272
0.358834 0.423586
0.359275 0.423782
0.322661 0.417444
0.321027 0.417201
0.347291 0.625554
0.355610 0.422346
0.353976 0.422103
0.353962 0.422101
0.311129 0.415728
0.321013 0.417199
0.442559 0.670825
0.443369 0.671500
0.403006 0.637600
0.402685 0.637328
0.272544 0.688656
0.272666 0.688563
0.111206 0.980203
0.111108 0.981326
0.111217 0.980124
0.508718 0.344617
0.508713 0.344618
0.571120 0.329737
0.571917 0.329506
0.375612 0.618985
0.376478 0.619448
0.376695 0.619563
0.375396 0.618871
0.374530 0.618408
0.374314 0.618293
0.388601 0.625914
0.389466 0.626377
0.389683 0.626491
0.807059 0.360324
0.807233 0.360533
0.775869 0.325582
0.776048 0.325785
0.319379 0.416956
0.319366 0.416954
0.346481 0.626206
0.443689 0.671774
0.444499 0.672449
0.444819 0.672724
0.445630 0.673398
0.401876 0.636651
0.401554 0.636379
0.445949 0.673673
0.446760 0.674348
0.447079 0.674622
0.447890 0.675297
0.448209 0.675572
0.449020 0.676246
0.449340 0.676521
0.450150 0.677195
0.274142 0.687454
0.273465 0.687962
0.273343 0.688055
0.450470 0.677470
0.451281 0.678145
0.451600 0.678420
0.572105 0.329450
0.572902 0.329219
0.373448 0.617830
0.373231 0.617716
0.808005 0.361377
0.808178 0.361586
0.777759 0.327687
0.776993 0.326838
0.776814 0.326634
0.317732 0.416711
0.317718 0.416708
0.345676 0.626862
0.399616 0.634753
0.400424 0.635429
0.400746 0.635702
0.507727 0.344798
0.506739 0.344990
0.573089 0.329163
0.573886 0.328931
0.574074 0.328875
0.372365 0.617253
0.372149 0.617139
0.808950 0.362430
0.809123 0.362640
0.316084 0.416465
0.316071 0.416463
0.344875 0.627521
0.504774 0.345407
0.505755 0.345193
0.371283 0.616676
0.809896 0.363483
0.810068 0.363694
0.314437 0.416220
0.314423 0.416218
0.344078 0.628184
0.367999 0.614962
0.810842 0.364536
0.811013 0.364748
0.312776 0.415973
0.312789 0.415975
0.311142 0.415730
0.343287 0.628850
0.370195 0.616101
0.369100 0.615530
0.811789 0.365589
0.811958 0.365802
0.812735 0.366642
0.812903 0.366857
0.813683 0.367695
0.813848 0.367914
0.814792 0.368972
0.815583 0.369801
0.815737 0.370036
0.814632 0.368748
0.816541 0.370854
0.816680 0.371119
0.817607 0.372510
0.817525 0.371909
