18.432216 4.238239
14.908203 2.697190
12.323491 0.000000
4.983663 4.013231
2.655704 8.815922
0.122463 12.983875
0.000000 18.297528
2.264101 22.920853
4.461133 26.654664
8.356543 27.930324
12.765144 25.836962
11.446101 21.844994
6.742322 18.421085
4.008788 12.657601
7.616276 8.844403
11.192046 6.334598
17.657117 8.466428
17.892402 13.454513
16.241489 17.510363
16.064791 24.163479
20.389619 21.910555
22.439625 16.109829
27.471658 14.744494
29.882440 12.525156
28.066229 9.760833
22.290685 7.251976
