0.000000 16.292846
6.369390 11.527778
10.464094 7.856855
15.520868 4.081153
17.083284 0.000000
26.771111 0.757879
21.893929 4.290633
19.740893 7.791878
15.374462 13.258504
10.194060 18.482054
9.961997 25.375759
12.866160 30.569373
16.187486 35.136336
21.959657 36.741034
26.975956 35.044261
30.603366 37.698289
27.198056 44.874776
22.542131 41.783351
17.875811 42.451162
14.252980 43.959732
10.131681 45.534644
6.013453 47.103795
2.250348 45.071149
3.164962 40.163388
3.335643 33.090283
3.622538 29.465541
3.877376 23.345201
