3.083758 2.989661
3.133532 3.128194
3.443804 3.991752
3.698085 4.699475
3.803850 4.993844
3.990055 5.512095
3.711203 6.259654
3.381387 7.143838
3.035365 6.912076
3.043121 6.650425
2.617913 6.039102
2.443188 5.778799
1.546193 5.411191
1.451058 5.152636
1.250321 4.588987
1.090909 4.150604
0.811938 3.383434
0.727273 3.150604
0.678892 3.017558
0.363636 2.150604
0.107464 1.446130
0.000000 1.150604
0.061025 0.999192
0.254717 0.518614
0.752507 0.149378
1.973440 0.000967
1.981791 0.000000
1.990330 0.012280
2.356173 0.997645
2.563824 1.556931
3.433099 1.574312
2.996128 2.745767
3.083758 2.989661
