2.515026 9.323962
3.146945 9.951764
3.527467 10.324433
4.150098 10.942948
4.534122 11.324433
5.150098 11.936336
5.540778 12.324433
6.150098 12.929724
6.547434 13.324433
7.150098 13.923113
7.741280 14.051550
8.959999 14.316326
8.891875 13.566311
8.809317 12.746856
9.417737 12.310791
9.657227 12.142174
10.059648 11.854776
9.584440 11.376383
9.082331 10.870915
9.507234 10.564257
10.212106 10.055542
9.379163 9.217011
9.234804 9.071683
9.356967 8.983517
9.429805 8.933154
9.713217 8.733606
10.284038 9.264064
10.731636 9.692265
11.099580 9.437857
11.195618 9.370239
11.358951 9.256878
12.045063 8.780683
12.447701 8.501234
12.555004 7.856265
12.749384 6.750829
12.673460 6.674397
11.748683 5.743798
11.742056 5.681563
11.737782 5.637327
10.780374 4.686249
10.737782 4.643938
9.773718 3.686248
9.737728 3.649980
9.256228 3.157843
9.429269 2.173645
9.394951 2.023008
9.351838 1.833773
8.584621 1.071628
8.345183 0.833773
7.584621 0.078240
7.224500 0.000000
6.268338 0.175381
6.100659 1.129245
6.055686 1.385081
5.948071 1.493750
5.428743 2.024405
5.337585 2.117552
5.187891 2.968930
5.230626 3.431115
4.560710 3.902231
4.416492 4.003847
4.406749 4.059218
4.381932 4.084184
3.688484 4.781815
3.165434 4.877865
2.674889 5.217301
2.325986 5.144777
2.044620 5.083648
0.846839 4.823422
0.238889 5.248526
0.000000 5.415567
0.006453 5.482364
0.015343 5.574406
0.150636 6.974981
0.503674 7.325719
1.148851 7.966691
1.510258 8.325743
2.148828 8.960151
2.515026 9.323962
