12.464158 29.996804
16.137230 29.200435
19.830878 29.157882
24.848324 28.367357
28.445585 28.356395
33.463588 32.274561
37.039627 27.923350
35.665735 22.710554
27.166482 23.335575
24.256804 20.269906
20.891015 18.075431
15.867623 19.102298
12.620394 16.983851
18.020396 13.094837
19.834370 6.630904
19.068727 1.421338
12.877167 0.000000
12.311499 5.356116
11.894077 9.111737
11.346029 13.508406
7.249375 19.331888
4.882660 22.967297
0.000000 24.598646
0.874327 29.756021
3.954956 31.812958
8.285503 30.906569
