4.992230 0.105973
5.724000 0.047012
5.992230 0.025400
6.307472 0.000000
7.039998 0.514290
7.583430 0.895822
8.075303 0.860607
8.488721 0.826968
9.081206 0.785022
9.419438 0.757769
10.081206 0.704449
10.344873 0.683204
11.081206 0.623876
11.266097 0.780207
12.148838 1.526596
12.150807 1.548756
12.169933 1.763995
12.237815 2.527937
11.432473 3.484344
11.344647 3.588645
11.251651 3.596138
10.344647 3.669218
10.326048 3.670899
10.094586 3.691814
9.392158 3.755289
9.335715 3.760390
9.282375 3.823735
8.433623 4.831704
7.535478 4.912864
7.424691 4.922876
7.319996 5.047211
6.522600 5.994190
5.686439 6.061563
5.522600 6.074763
4.754046 6.144214
4.515967 6.163207
4.232495 6.189982
3.585833 6.977602
3.349324 7.265663
2.612167 7.324476
1.984055 7.374589
1.577127 6.960879
1.074864 6.450248
0.486781 5.852363
0.454967 5.494335
0.429093 5.203147
0.365991 4.492994
0.280715 3.629198
0.268418 3.492347
0.258396 3.380836
0.178441 2.491087
0.176751 2.472281
0.160189 2.287976
0.016275 1.577319
0.000000 1.496955
0.080299 1.399153
0.869303 0.438169
0.992230 0.428265
1.096825 0.419837
1.992230 0.347692
2.022260 0.345272
2.394967 0.315242
2.947695 0.270707
2.992230 0.267119
3.873130 0.196142
3.992230 0.186546
4.798565 0.121577
4.992230 0.105973
