19.104939 26.146627
25.462637 30.757083
30.957208 33.185436
31.820904 37.947698
33.166671 43.569300
32.293395 48.961767
27.727219 53.028979
22.825034 58.087675
24.051077 54.231532
21.853895 48.135854
19.075668 42.443736
16.290426 37.053029
10.600435 34.220007
5.463611 33.276172
0.000000 31.897216
2.963459 29.211983
7.075531 27.868749
9.054379 23.685600
6.867015 20.385487
3.023481 15.403447
1.329825 9.650454
7.564141 6.170632
10.091575 0.000000
17.780783 7.768992
15.782789 12.882888
16.567327 20.291632
