1.335157 0.000000
1.068035 0.080866
0.121987 0.367263
0.000000 0.420289
0.003877 0.465618
0.587441 1.878780
1.058528 2.141236
1.402480 2.334956
1.441751 2.794121
1.505420 3.538578
2.059700 3.837889
2.206109 3.916950
2.377981 4.009761
3.206109 4.456950
3.915591 4.852221
4.104358 4.959119
4.125852 5.210439
4.207205 6.161631
4.824777 6.495120
4.915405 6.544059
5.822957 7.039696
6.767815 7.545008
6.824454 7.575473
7.005226 7.521612
7.849391 7.270093
8.186972 7.165552
8.288886 6.919030
9.175687 6.533547
9.581405 6.742224
9.842596 6.876564
10.923580 6.406672
11.140655 6.429484
11.677934 6.711674
12.096175 6.529870
12.832896 6.607269
13.265757 6.654379
13.438928 6.673226
13.836493 6.716493
14.169658 6.894379
14.427070 6.782484
14.888429 6.830980
15.594700 6.907846
15.872383 6.938068
16.509889 7.007450
16.633662 6.904378
16.544969 5.867365
16.450125 4.758426
16.418005 4.702905
16.373630 4.627306
15.791806 4.302919
15.725046 3.522341
15.688446 3.094419
15.369857 2.922381
14.861504 2.644756
14.262524 2.324421
13.860484 2.107319
13.518005 1.922381
12.860484 1.567319
12.088611 1.150508
11.860484 1.027319
11.351342 1.179920
10.577076 1.210809
10.100864 1.229811
9.488914 0.902539
8.970328 0.625199
8.479152 0.365490
7.694839 0.602928
7.111360 0.779567
6.267846 0.333561
6.097820 0.243660
5.130449 0.536514
4.730024 0.657735
4.000095 0.878707
3.347060 1.075024
3.128118 0.959278
2.721772 0.744422
2.335157 0.540000
1.885025 0.296929
1.335157 0.000000
