2.340513 0.265368
2.703928 0.184384
3.531345 0.000000
3.464724 0.541803
3.630393 0.850645
3.943312 1.429518
3.815441 2.469424
3.790587 2.671551
3.727137 3.187572
3.636457 3.925042
3.602108 4.204390
3.237169 4.721834
2.890258 5.213718
2.766549 5.389124
2.525203 5.731328
2.743939 6.403695
2.694263 6.807698
2.675160 6.963056
2.272709 7.052737
2.078476 6.913970
1.824262 6.732351
1.386407 6.399535
0.993499 6.487091
0.500982 5.753389
0.496750 5.747083
0.464602 5.699194
0.000000 5.007075
0.016646 4.871697
0.059077 4.526627
0.372378 3.512321
0.213594 3.270006
0.324102 2.371274
0.425987 1.542694
0.583143 1.319863
0.889743 0.885136
1.053763 0.652573
1.137836 0.533367
1.719686 0.403710
2.340513 0.265368
