5.845713 4.925930
6.095570 4.867385
6.849344 4.678641
6.911064 4.663986
7.171012 4.602267
7.719190 4.472113
7.849344 4.441210
8.527316 4.280239
8.849344 4.203781
9.335443 4.088366
9.849344 3.966350
9.302160 2.592853
8.373744 0.265401
8.088905 0.202101
7.179482 0.000000
6.712361 0.194579
6.235832 0.393077
5.349642 0.196139
5.041570 0.127676
4.336810 0.424119
4.103924 0.522078
3.508341 0.772597
3.166277 0.916480
2.675539 1.122902
2.228632 1.310883
1.781128 2.010645
1.448967 2.094805
0.963169 2.217891
0.618374 2.757039
0.000000 3.723989
0.051224 3.817236
0.632697 4.875749
0.805236 5.189840
1.321016 5.525363
1.862051 5.877311
2.071149 5.831330
2.225789 6.112835
2.699691 6.975531
3.326161 6.828721
3.509030 6.785867
4.268405 6.595621
4.322460 6.582334
5.118757 6.396985
5.322498 6.344639
5.406308 6.117387
5.556344 5.710563
5.440403 5.028839
5.845713 4.925930
