6.579262 1.442681
6.418634 1.294033
5.579262 0.517262
5.338042 0.294033
5.020312 0.000000
4.670411 0.337144
3.806711 0.728422
3.241425 0.984513
2.888840 1.599445
2.309475 2.141708
1.564080 3.245925
1.681957 3.745603
2.415932 4.424838
2.680529 4.673068
3.499049 5.440957
2.947129 5.872653
2.675921 6.084785
2.189957 5.989799
1.813424 5.916204
1.374057 5.830327
0.806995 5.719491
0.605727 5.876917
0.000000 6.350701
0.147780 7.231220
0.271067 7.965797
0.200901 8.022257
0.292090 8.095400
1.187516 8.813896
1.337471 8.934220
1.352984 8.946668
2.257788 9.000462
2.897878 9.032451
3.243177 8.551122
3.486961 8.199581
3.729759 7.854376
4.071337 7.360360
4.605141 6.620197
5.632656 7.444637
5.644349 7.454019
5.650407 7.445526
5.674153 7.412694
6.248824 6.615867
6.395934 6.411887
6.679107 6.639091
7.435139 7.245695
7.826854 6.696498
8.181510 6.199262
8.873651 6.754625
9.183486 6.773044
9.402672 6.783998
9.314416 6.409871
8.567372 5.652330
8.294323 5.375514
7.995128 4.130968
7.773438 3.922755
7.370686 3.539315
7.524957 2.444857
7.540794 2.332501
7.499226 2.294033
6.579262 1.442681
