3.071528 2.565035
3.055063 2.560307
2.286782 2.339689
1.797511 2.199191
1.310128 2.300009
0.852668 2.737111
0.480449 3.092763
0.378819 3.472344
0.131791 4.394966
0.000000 4.887184
0.118309 5.382718
0.294543 6.093477
0.257658 6.231224
0.355665 6.340043
0.509279 6.967806
0.697124 7.443095
0.849332 7.934792
1.041288 8.206591
1.437759 8.112202
3.717560 7.127497
4.688135 6.427659
7.493467 4.375229
9.881100 3.281082
10.788425 2.980195
10.503876 1.963014
9.922436 1.127620
9.464942 1.466744
9.218192 0.778406
9.049755 0.594437
8.005101 0.294459
7.619569 0.183751
6.979677 0.000000
6.855030 0.039895
6.690501 0.095625
6.061859 0.696352
5.799426 1.676655
5.708137 2.007086
4.548935 2.251415
4.401104 2.281982
3.289617 2.511807
3.098700 2.572714
3.071528 2.565035
