7.942162 6.319022
8.039599 6.244485
8.767930 5.687328
8.854903 5.134694
8.961668 4.473370
9.229953 4.429528
9.994231 4.329597
10.339290 4.283024
10.700237 4.237286
11.198734 4.178155
11.447982 4.148591
12.195727 4.059896
11.480349 3.644345
11.557206 2.296234
11.497003 2.192532
11.419018 2.055468
10.928037 1.192531
9.720519 0.873670
9.546561 0.827733
9.383523 0.546293
9.066381 0.000000
8.853519 0.152386
8.584646 0.401469
7.007285 2.152892
7.254146 2.459258
6.825144 3.284292
6.799664 3.333296
6.676100 3.371588
5.924530 3.604499
5.537405 4.164806
4.751403 5.302435
4.069645 6.101289
3.466097 6.934740
2.273502 8.471529
1.982857 8.877637
0.910905 10.378527
0.652914 10.739594
0.200255 10.966558
0.000000 11.066966
0.377319 11.121654
1.266594 11.250558
1.371114 11.199883
1.941908 10.923144
2.156273 10.819214
2.195526 10.800183
2.256314 10.683394
2.756093 9.723197
3.182554 8.908990
3.325156 8.635837
4.361035 8.776560
4.619688 8.811699
4.655506 8.742882
5.183145 7.729283
5.757859 7.449741
6.114914 7.273583
6.897414 6.894203
7.044662 6.823327
7.245006 6.852332
7.697094 6.506494
7.942162 6.319022
