35.624681 36.664459
33.575642 31.043594
35.184888 24.608476
32.357173 20.437851
26.225280 20.528139
19.549127 17.155401
13.615878 11.475259
11.787480 5.494520
5.934066 0.000000
0.000000 1.400754
4.105548 6.918668
8.812543 13.569850
8.856648 21.878616
5.221176 27.052474
1.695851 30.628240
3.091484 37.821724
5.012652 45.400501
11.058556 46.600269
17.264501 51.983440
23.875038 58.851124
28.284825 68.405982
33.628131 67.358929
33.890831 59.059023
29.260028 50.853738
37.305163 47.355052
37.397391 42.602763
