3.971346 5.266378
5.210473 5.783638
5.341468 5.838321
6.503495 6.323398
7.068295 6.032113
7.503495 5.807666
7.728042 5.691860
8.163437 5.467313
8.387789 5.351607
8.503495 5.291934
8.789203 4.643061
9.085486 3.970170
9.135674 3.856188
9.184071 3.746273
9.004830 3.124515
8.878253 2.685442
8.796486 2.401806
8.621715 1.795553
8.588142 1.679096
8.572436 1.624612
7.339617 1.101244
7.282671 1.077454
6.390475 0.710868
5.986893 0.533062
5.973665 0.539609
5.946584 0.528484
4.680576 0.000000
4.065237 0.317350
3.680576 0.515732
3.405490 0.657603
2.872100 0.932689
2.745743 0.997855
2.680576 1.031464
2.085995 1.338108
1.680576 1.547196
1.426248 1.678361
0.933108 1.932689
0.766501 2.018614
0.680576 2.062928
0.379229 2.747320
0.066727 3.457046
0.032757 3.534194
0.000000 3.608590
1.229044 4.121636
1.293020 4.148342
2.578460 4.684934
2.598837 4.693440
2.599862 4.693868
3.904655 5.238539
3.971346 5.266378
