21.083568 13.261923
13.407379 13.218261
6.066113 14.811676
0.790074 15.372821
0.000000 11.383494
9.378058 0.000000
14.151316 1.516334
19.463239 2.405789
24.774518 3.295033
27.476286 7.326842
30.338801 13.040886
32.578542 18.540804
37.102503 23.132002
40.779141 24.217784
45.764601 23.684476
50.676620 27.944754
56.405785 30.523894
53.402181 44.681538
51.540102 40.511307
47.201950 36.596385
43.080964 36.310215
38.242072 37.064695
36.789778 32.744180
37.755695 28.324054
33.156601 24.264849
27.653431 16.028031
