8.280015 3.335271
8.396028 3.212968
8.518330 3.084035
8.882831 2.699772
8.751830 2.109752
8.851720 1.692959
9.001040 1.057772
8.814196 0.686130
8.496057 0.048423
7.553243 0.080614
7.105465 0.000000
7.009555 0.101109
6.618661 0.513196
6.247870 0.904090
6.130369 1.026126
6.008319 1.152883
5.637317 1.538200
5.280137 1.909159
4.727226 1.651365
4.254249 1.430840
3.782304 1.204237
3.119197 1.084858
2.886245 1.042919
2.242698 1.212955
1.533766 1.400267
1.449700 1.422479
1.330548 1.453961
0.916890 1.890047
0.480804 2.349775
0.461140 2.432444
0.448431 2.485869
0.272395 3.225919
0.137710 3.792130
0.083650 4.019394
0.000000 4.371056
1.262040 4.331974
1.494788 4.324767
1.751959 4.316803
2.995367 4.278304
3.364629 3.888720
4.002735 3.225530
4.368342 3.922775
4.528751 4.230824
4.991808 4.216484
6.023539 4.184534
6.957291 4.155623
7.518330 4.138252
7.909224 3.726165
8.280015 3.335271
