2.875270 9.634280
2.858384 9.640547
2.831814 9.680141
2.182663 10.647475
1.770128 10.800601
0.753578 10.668160
0.282511 10.606742
0.156501 10.166394
0.000000 9.640718
0.115722 9.006074
0.977943 8.096042
1.005835 8.066604
1.153351 7.272296
1.212307 6.954850
1.878654 6.251487
2.096215 6.021839
2.349556 6.077191
2.991188 5.121103
3.023513 5.072261
3.402205 4.487752
3.681183 4.072036
3.991157 3.600281
4.200618 3.281497
4.338248 3.072036
5.191335 2.755380
6.225554 2.368567
6.438225 2.051664
7.190764 0.894848
7.530386 0.366148
7.675332 0.140505
7.876562 0.130043
7.932246 0.000000
8.269482 0.029279
8.422464 0.284862
8.895539 0.736270
9.661250 1.931738
11.017373 4.159288
10.092347 4.661898
9.309531 5.461006
8.823875 5.274809
8.720672 5.252991
8.406016 5.585126
7.830090 6.193022
7.698741 6.331663
7.038206 6.576844
6.382836 6.826336
6.238468 6.978690
5.619365 7.632162
5.417026 7.934710
5.340684 7.963047
5.286231 7.983776
4.446686 8.869771
4.181864 9.149293
2.913427 9.620116
2.875270 9.634280
