0.293485 2.449430
0.396062 1.886040
0.728050 1.531737
1.279691 0.943020
1.809315 0.377799
2.163318 0.000000
2.604353 0.085942
2.857662 0.135303
3.126094 0.187610
3.552006 0.270605
3.953922 0.348924
4.178521 0.753179
4.641858 1.587142
4.300268 2.114380
3.993971 2.587142
3.907105 2.721217
3.773030 2.928159
3.513943 3.328055
3.346084 3.587142
3.120781 3.934892
2.773030 4.471638
2.727618 4.541730
2.698196 4.587142
1.990577 4.848236
1.537075 5.015566
0.989625 4.924253
0.064569 4.134315
0.011065 4.088626
0.000000 4.061362
0.143862 3.271216
0.198031 2.973700
0.293485 2.449430
