1.503804 5.877591
1.643377 6.103729
2.252004 7.089844
2.787559 7.226158
3.252004 7.344372
4.138563 7.578925
4.258747 7.609825
4.330455 7.628981
4.514409 8.024055
4.905454 8.659449
5.008888 8.825223
5.674552 9.006373
5.904247 9.499685
6.212451 10.161745
6.763214 10.301929
7.690073 10.537841
7.763214 10.556458
7.977431 10.610982
8.603788 10.770407
8.809091 10.620691
9.632277 10.020485
9.722380 9.680158
9.886075 9.051408
10.331873 8.726405
10.472009 8.170364
10.614844 7.603619
10.390909 7.120295
10.816048 6.805274
10.960800 6.230919
11.108339 5.645508
11.205195 5.261196
11.355086 4.666452
11.449591 4.291474
11.542310 3.923578
10.862578 3.118647
10.898784 2.966660
11.084916 2.134798
10.973262 2.002582
10.656581 1.627537
10.161344 1.041048
9.445479 1.031080
9.097366 1.028209
8.638304 0.484579
8.280170 0.060509
8.005974 0.057880
7.218589 0.050326
7.138720 0.108565
6.884845 0.047126
6.300037 0.041520
6.157006 0.040147
5.452749 0.033520
5.095376 0.030158
4.606606 0.025559
4.033746 0.020169
3.760462 0.017597
2.972116 0.010178
2.901160 0.061915
2.675633 0.007336
2.059683 0.001404
1.910534 0.000000
1.061674 0.618926
0.632389 0.931865
0.488791 1.501642
0.342428 2.082386
0.244395 2.471364
0.095680 3.061443
0.000000 3.441087
0.620252 4.446036
0.748200 4.653340
0.823106 4.774705
1.109584 5.238865
1.503804 5.877591
