3.367089 3.572206
3.158121 3.661309
2.668041 3.870277
2.457053 3.960242
2.367089 3.998602
1.755986 4.259174
1.367089 4.424998
0.940005 4.274270
0.000000 3.942520
0.412001 3.026529
0.595528 2.618490
0.995359 2.441830
1.257395 1.415432
1.303697 1.234090
1.551742 1.128325
2.004765 0.935158
2.197932 0.852792
2.705832 0.636225
3.197932 0.426396
3.406900 0.337293
3.896980 0.128325
4.107968 0.038360
4.197932 0.000000
5.031876 0.289598
5.569423 0.480601
5.108344 1.497809
4.966060 1.814146
4.765154 2.260811
4.367089 3.145810
3.859189 3.362377
3.367089 3.572206
