0.000000 2.999200
0.002470 2.927040
0.016725 2.508272
0.105811 2.075130
0.260514 2.009464
1.229591 1.598171
2.002943 1.269694
2.338625 1.320458
2.555335 1.171331
3.072156 0.815686
3.515537 0.627446
3.754404 0.526020
4.560473 0.649703
5.063617 0.726904
5.635587 0.484073
6.712495 0.026803
6.775623 0.000000
7.582764 0.285029
7.748849 0.343679
8.373783 1.256880
8.543652 1.505106
9.166705 2.415727
9.348078 2.680861
9.961242 3.577029
10.150797 3.854072
10.752831 4.733976
10.745353 4.953462
10.717824 5.761510
10.715447 5.831256
10.701518 6.240126
10.900844 6.563642
10.683370 6.788899
10.563196 6.912657
10.379625 7.771633
10.296527 8.179703
9.786421 8.706716
8.979402 9.540850
8.922510 9.599652
8.816408 9.709296
8.060917 10.490001
7.665880 10.898224
7.208782 10.945879
6.599092 11.009448
6.003174 10.162967
5.794171 9.866047
5.583245 9.888373
4.845234 9.961069
4.731241 9.941194
3.924071 9.812772
3.720655 9.777890
3.124870 8.917025
2.923792 8.626483
2.331789 7.770892
2.119080 7.463475
1.536743 6.621854
1.314368 6.300468
0.747234 5.481003
0.517498 5.149052
0.567272 4.907045
0.716005 4.138459
0.730032 4.065977
0.000000 2.999200
