0.651009 2.125388
0.670633 2.347423
0.795804 2.361933
1.231793 3.082464
1.586732 3.669049
1.889665 3.704201
2.585994 3.777409
3.003240 3.821276
3.585792 3.882522
3.928544 3.567498
4.359623 3.171292
4.699536 3.262275
5.142063 3.388397
5.092202 2.824285
4.983265 1.591732
4.982592 1.584121
4.981130 1.567569
4.873319 0.347826
4.182562 0.276059
3.757376 0.231884
3.182562 0.172163
2.641434 0.115942
2.182562 0.068267
1.525492 0.000000
1.148587 0.180615
0.734941 0.378834
0.328778 0.752139
0.000000 1.054321
0.651009 2.125388
