1.720153 5.182041
1.764725 5.421595
1.904155 6.182123
2.843869 6.820137
3.052029 6.961466
3.971877 6.770437
4.039518 6.756390
4.075924 6.702398
4.195414 6.525203
4.881197 5.777017
5.049144 6.566343
6.174145 7.330156
6.197972 7.346498
7.066593 7.176609
7.208630 7.268325
7.344957 7.118175
8.170593 6.939397
8.493755 6.455120
8.961199 5.754626
8.828778 5.032330
8.777866 4.754626
8.604288 3.807840
8.594533 3.754626
8.587800 3.717901
7.798880 3.208486
7.465779 2.979844
7.444897 2.965674
7.303372 2.994149
6.519865 3.060965
6.429795 3.069475
5.339288 2.365324
5.276812 2.377305
5.198275 2.324285
4.106053 1.582726
4.085659 1.568805
3.693180 1.302409
2.972848 0.813343
2.935231 0.787803
1.870153 0.064671
1.774900 0.000000
1.167742 0.120710
0.786693 0.196468
0.726346 0.287194
0.000000 1.387200
0.079441 1.820516
0.183333 2.387200
0.303931 3.045006
0.366667 3.387200
0.409963 3.623362
1.334298 4.220218
1.555605 4.363119
1.720153 5.182041
