7.152520 2.377358
6.519412 2.184820
5.969737 2.012551
5.684477 1.719219
4.948675 0.962593
4.447233 0.807012
3.687990 0.949580
3.238500 0.538600
2.649432 0.000000
2.403301 0.048353
2.122711 0.103476
1.344168 0.256422
1.012645 0.321550
0.634710 0.395797
0.410755 0.842807
0.000000 1.662673
0.837203 2.659343
0.840000 2.662673
0.854682 2.680151
1.680000 3.662673
1.837203 3.849819
3.136151 3.407828
3.171920 3.395658
4.005360 4.370870
4.185204 4.581307
4.848001 5.370351
5.185205 5.771784
6.141722 5.446311
6.519921 5.317623
6.873336 5.731154
7.735660 5.508145
8.626013 5.781750
8.750821 5.527410
9.173551 4.665951
9.447812 4.737600
9.252494 4.505079
9.215291 4.460789
8.412494 3.505079
8.259480 3.458544
8.179612 3.433514
7.325753 2.555495
7.152520 2.377358
