39.012320 4.948693
34.051083 5.707257
26.737820 3.873249
22.399480 6.801395
16.582060 10.048788
10.845739 6.241346
3.930123 5.919771
0.000000 9.761969
1.845878 16.118939
5.127291 20.022283
7.936249 23.046404
10.388492 26.414131
15.536560 27.905520
16.715036 22.503489
17.133867 16.865541
19.965315 14.289814
23.106480 10.031355
25.722459 11.813040
31.659126 13.226066
37.817906 13.760899
43.059678 14.379271
47.515099 11.382755
41.632771 9.144671
44.151842 5.596434
45.299703 0.806882
40.790223 0.000000
