3.883715 7.148149
0.000000 2.950410
2.719519 0.000000
15.731703 16.556688
16.419672 21.880671
20.349873 25.295059
23.388956 29.673661
24.723320 35.684727
30.145279 40.173468
35.765520 45.195688
39.803302 49.313110
48.532260 59.123216
47.065047 65.284478
42.053357 63.935893
38.175076 59.616897
33.301466 54.828377
27.368479 53.035212
19.428213 50.833817
12.847378 51.707499
5.812595 53.111996
4.906863 46.688608
8.279734 43.029375
10.510576 37.522674
11.373666 31.576302
11.813229 26.915178
10.857979 22.643605
8.543570 16.662482
6.308928 10.718785
