0.095655 2.760069
0.132612 2.578066
0.199723 2.191251
0.295852 1.665826
0.410162 1.102908
0.513415 0.568416
0.557761 0.360258
0.813114 0.339991
2.030422 0.243563
2.079075 0.000000
2.222627 0.330835
2.329805 0.577842
2.656193 1.330052
3.087081 2.323093
3.089753 2.329308
3.093254 2.337720
3.505381 3.341620
3.248134 3.681523
2.681467 4.430544
2.578819 4.462439
2.163004 4.591642
1.340154 4.847321
1.137025 4.910439
1.169854 4.730993
1.205574 4.535762
1.370052 3.636750
1.521233 2.810424
0.589513 3.099803
0.000000 3.282896
0.095655 2.760069
