0.000000 1.952013
0.422437 1.286397
0.523900 1.125400
0.579922 1.112378
0.687980 1.087271
1.779755 0.833583
2.326811 0.238535
2.473582 0.078907
2.813193 0.000000
3.547832 0.747796
3.758942 0.962665
4.410654 1.090131
5.165347 1.234184
5.237968 1.308133
5.577621 2.655814
5.631266 2.868663
5.636596 2.889812
5.626661 2.905572
5.082549 3.768708
5.374564 4.926956
5.324479 5.328356
5.171064 5.497518
4.642542 6.080289
3.531132 6.338632
3.462934 6.290492
3.063424 6.008302
2.433242 5.448272
2.354302 5.378120
1.861516 4.945921
1.428815 4.566422
1.214063 4.375262
0.436404 3.683031
0.318145 3.213955
0.000000 1.952013
