10.700989 5.870773
10.336164 6.949683
10.238904 7.237314
9.893045 8.260129
9.778498 8.598882
9.445080 9.584925
9.316999 9.963703
8.286867 10.148354
8.188081 10.458442
7.968572 11.168735
7.757365 11.875979
7.580130 12.469464
7.462439 12.863561
7.334240 13.292845
6.695470 13.349041
5.932958 13.416121
5.600920 12.985371
5.682590 12.765110
5.948241 12.048657
6.088954 11.665108
5.361649 10.707463
5.320243 10.653747
5.178199 10.469475
4.546407 9.653410
4.642826 9.393371
5.031002 8.335185
4.779177 8.003607
4.259976 7.330053
3.773170 6.710485
2.678634 6.805727
2.359647 6.832275
2.222635 6.654532
1.749628 6.040904
2.153988 5.474515
2.471729 5.029457
1.934617 4.332668
1.775217 4.129796
0.946646 3.901494
0.000000 3.501833
1.409564 3.310857
2.095109 3.217975
4.901405 3.662259
5.534953 3.762560
7.764375 2.191212
8.774814 1.479031
10.064764 0.308287
10.093639 0.305464
10.187254 0.296314
10.340798 0.332985
10.281307 0.164971
10.947936 0.060213
11.331097 0.000000
12.008951 0.521609
12.168820 1.018920
12.113015 1.694947
12.147212 1.855511
11.814093 2.967871
11.625161 3.137690
11.225679 4.319091
11.163075 4.504231
10.780921 5.634387
10.700989 5.870773
