8.576203 8.916217
8.848185 8.378892
9.033218 8.013336
8.899719 7.074163
8.790026 6.919623
8.587778 6.634568
8.222902 6.428212
8.168214 6.043226
7.841439 5.582664
7.436648 5.012378
7.201309 4.950606
6.329060 5.389172
5.907740 5.160837
5.602637 5.210421
5.228251 5.271269
5.338105 4.842721
5.429747 4.485220
5.611768 3.834227
5.648256 3.703729
5.778754 3.237007
5.866765 2.922238
5.891374 2.834228
5.935084 2.677897
5.785753 1.626141
5.726312 1.207761
4.584162 0.907967
4.516448 0.890188
4.361727 0.849562
3.302615 0.571510
2.845650 0.451542
2.091383 0.253593
1.125079 0.000000
0.809777 0.052441
0.697369 0.217697
0.238262 0.892642
0.000000 1.242917
0.575298 1.918323
0.785264 2.164827
0.699542 2.293174
0.808457 2.615901
0.893608 2.865802
1.178519 3.701962
0.897191 4.126009
0.987126 4.759689
1.141154 5.844621
1.161399 5.987182
1.295015 6.062749
2.123308 6.525287
2.279218 6.990947
2.591283 7.922997
2.633413 7.946523
3.637005 8.499820
4.240185 8.832364
4.675133 9.072159
5.476707 9.514080
5.726962 9.651075
5.803068 9.638699
5.782032 9.681829
5.814512 9.910444
6.457366 10.664735
7.038480 10.369031
7.615163 10.075581
8.119192 9.819101
8.239497 9.581424
8.576203 8.916217
