2.189114 10.376863
1.998974 10.823692
1.791353 11.322434
1.512972 11.991153
1.399281 12.264257
1.054090 13.093467
1.007211 13.206080
0.732106 13.866930
0.529462 13.331451
0.397446 12.982602
0.240662 12.568304
0.000000 11.932364
0.065353 11.775374
0.076490 11.748621
0.457425 10.833551
0.535372 10.646307
0.849496 9.891728
0.994255 9.543993
1.241567 8.949906
1.426017 8.506825
1.633637 8.008082
1.908797 7.347101
2.025708 7.066260
2.366906 6.246643
2.417780 6.124437
2.574066 6.023533
2.742079 5.345399
2.777186 5.203701
2.784292 5.173247
2.966375 4.392891
3.017625 4.173247
3.155564 3.582080
3.250959 3.173247
3.344753 2.771269
3.484292 2.173247
3.533943 1.960458
3.717625 1.173247
3.781973 1.144912
5.049842 0.586629
5.992752 0.171425
6.382052 0.000000
6.690603 0.113084
7.494116 0.407570
8.442805 0.755264
8.515999 0.853669
8.577803 0.936760
9.014215 1.523489
9.496706 2.172168
9.512431 2.193310
9.531054 2.218346
9.465762 2.304783
8.888873 3.068504
8.553472 3.512528
8.246692 3.918662
7.719031 4.617212
7.604512 4.768820
7.537931 4.856964
6.962331 5.618978
6.522389 6.201400
6.185506 6.418936
6.073320 6.491376
5.115781 7.109688
4.999608 7.382694
4.720233 8.053801
4.460867 8.221255
3.652447 8.743275
3.499291 9.103193
3.255793 9.688117
2.848414 9.951134
2.189114 10.376863
