2.029730 4.541604
2.270591 5.090501
2.811132 5.637852
3.308281 5.691664
3.945285 5.760613
4.123009 5.779850
4.576314 5.828916
5.020676 6.051026
5.540965 6.311088
6.022365 6.551712
6.209186 6.645093
6.583547 6.832214
6.941835 6.870995
7.082307 6.886201
8.070057 6.438511
8.360356 6.579589
9.228552 7.011068
9.368637 7.080297
9.505342 7.148628
10.368868 7.585145
10.988719 7.363849
11.688052 7.114177
11.173011 5.940463
11.046436 5.652014
10.730483 5.492298
10.046436 5.146509
9.377289 4.808251
9.046436 4.641003
8.708216 4.470031
8.046436 4.135497
7.399071 3.808251
7.046436 3.629992
6.685949 3.447764
6.046436 3.124486
5.420853 2.808251
5.046150 2.616683
4.506705 2.334775
4.390540 1.131662
4.390052 1.126605
4.386212 1.124664
3.391993 0.622081
2.407994 0.124664
2.397366 0.119291
2.389932 0.122661
1.583792 0.033250
1.255672 0.000000
0.546477 0.321480
0.191176 0.896384
0.000000 1.205802
0.059828 1.825825
0.230971 2.219502
0.368868 2.530090
1.157871 2.937849
1.375287 3.050209
1.460446 3.244275
2.029730 4.541604
