3.637542 0.030215
4.186184 0.074526
4.456973 0.096396
4.641617 0.111309
5.284514 0.163233
6.019796 0.222619
6.123991 0.290496
6.218343 0.494274
6.649653 1.419439
7.117081 1.723943
6.619072 1.919552
6.304188 2.364533
5.971384 2.826586
5.397800 3.633426
5.331081 3.675632
5.288875 3.702329
4.525907 3.640708
4.005657 3.598690
3.706475 3.574526
3.267711 3.539089
2.980027 3.717047
2.535445 3.992059
2.240486 3.838327
1.268137 3.347923
0.993344 3.209330
0.000000 2.708336
0.023816 2.577735
0.041572 2.480367
0.152013 1.874747
0.265345 1.253277
0.280210 1.171760
1.398031 0.732700
1.761542 0.589918
2.608746 0.257151
3.263437 0.000000
3.637542 0.030215
