0.003300 5.965733
0.004846 4.976115
0.004860 4.967293
0.006409 3.976115
0.006420 3.968853
0.007971 2.976115
0.007980 2.970413
0.009534 1.976115
0.015968 1.970030
1.054195 0.988062
1.566959 0.503075
2.098848 0.000000
3.133870 0.002126
3.152281 0.002164
3.189450 0.002240
4.205714 0.004327
4.709098 0.005361
5.259148 0.006491
6.284325 0.008596
6.312366 0.026445
6.369275 0.062669
7.099832 0.990674
7.099170 1.227215
7.097033 1.990672
7.096367 2.228411
7.094233 2.990669
6.343992 3.933703
6.296073 3.964036
6.272276 3.979102
5.241593 4.631699
4.694114 4.978346
4.187113 5.299364
3.166220 5.945762
3.132617 5.977493
3.120813 6.975187
3.120727 6.982521
3.119174 7.976801
3.110233 7.982460
2.075024 8.637727
1.551260 8.969309
1.030882 9.298781
0.772169 8.970193
0.000000 7.989485
0.000021 7.976115
0.000042 7.962786
0.001599 6.976115
0.001740 6.964172
0.003284 5.976115
0.003300 5.965733
