4.107476 2.214694
4.037719 2.052337
3.176641 1.708358
2.715682 1.524220
2.410249 0.805875
2.288284 0.519027
2.105752 0.446110
1.121652 0.052989
1.009967 0.008374
0.989006 0.000000
0.914389 0.037823
0.232173 0.381595
0.224753 0.818630
0.211409 1.604496
0.199193 2.324499
0.000000 2.916095
0.181786 3.350097
0.417934 3.918248
0.742214 4.708365
0.892443 4.883211
0.972638 4.976550
1.614849 5.724006
2.353828 5.954244
3.077331 6.179654
3.632693 6.352679
4.536840 6.634376
4.894507 6.745811
5.995328 7.088777
6.122485 7.024685
6.295421 7.431410
6.549883 8.029878
7.374091 8.359127
7.848915 8.548807
8.185044 7.552494
8.191376 7.179453
8.198224 6.776012
7.920949 6.106935
7.529147 5.161500
7.499840 5.127390
7.489729 5.115622
6.961290 4.500586
6.767319 4.274830
5.963034 4.024251
5.771979 3.579577
5.393334 2.675675
5.322507 2.593241
4.107476 2.214694
