3.463382 7.553175
3.453751 7.533228
3.433945 7.492203
3.128417 6.851191
3.298609 6.480048
3.767037 5.458530
3.853132 5.270779
4.405657 4.065869
4.407656 4.061510
4.420354 4.033821
5.117125 2.826047
4.892047 2.366118
4.812297 1.787880
4.779593 1.550759
4.664776 0.718260
4.007781 0.000000
3.737867 0.011515
3.409171 0.256875
2.767831 0.735613
2.105571 1.229965
1.950829 1.768426
1.770453 2.396088
1.463122 3.465522
1.435335 3.562211
1.374311 3.774560
1.100218 4.728333
0.975415 5.162616
0.765100 5.894456
0.487707 6.859712
0.507349 7.002125
0.512845 7.044565
0.303207 7.501724
0.094865 8.226701
0.000000 8.556806
0.105760 9.323639
0.149745 9.642550
0.253282 10.393259
0.358617 11.157004
0.400803 11.462880
0.502242 12.198370
0.796016 12.261595
1.329252 12.376356
1.736446 12.463990
1.960780 12.512270
1.925969 12.256275
2.239657 11.572061
2.393026 11.054996
2.421143 10.964226
2.520273 10.959988
3.040761 9.824925
3.152633 9.580984
3.591062 8.625077
3.785052 8.202076
3.463382 7.553175
