21.042223 12.985915
27.946064 16.033089
35.032447 17.788501
35.831204 22.928229
39.659035 25.909554
43.096201 26.904677
50.952649 28.228810
58.496183 30.852758
60.714482 36.984378
54.006346 42.295613
45.940597 42.792883
38.949189 45.056157
31.631918 46.368018
23.982568 49.957136
16.674269 48.008298
17.957172 41.997523
18.460909 36.979417
16.769015 31.992491
10.695619 29.991381
4.871029 32.934430
0.000000 33.466628
3.010499 28.304621
7.915377 24.147813
12.005859 18.011383
11.433578 12.865706
11.320921 7.256329
13.604642 0.000000
16.999922 6.925843
