7.162496 3.677549
6.799496 3.795718
6.202710 3.992578
5.740546 4.617104
5.475396 4.975405
5.180285 5.374193
4.631769 5.619682
4.226837 5.800910
3.708722 6.032794
3.006888 6.346901
2.405091 5.257079
2.394926 5.238671
2.359720 5.174941
2.339969 5.218325
1.056847 4.558812
0.378332 4.041474
0.877850 3.949889
1.603074 3.805274
1.150725 2.986427
0.800925 2.353229
0.532281 1.866770
0.000000 0.903333
0.852413 0.747098
1.438264 0.649062
1.855953 0.571258
2.281240 0.492037
2.855952 0.384983
3.124215 0.335013
3.855953 0.198709
4.564359 0.066751
4.810165 0.020963
4.855953 0.012434
4.922702 0.000000
6.027423 0.336869
6.662289 0.530466
6.948607 0.780552
7.352028 1.132926
7.569642 1.323004
7.724085 1.457905
7.955726 2.605930
7.884788 2.701763
7.802119 2.813445
7.162496 3.677549
