5.957467 12.426297
13.837444 14.664215
20.831737 13.378337
26.181708 9.783494
33.916586 6.165306
40.501920 3.013674
46.848902 0.104180
52.800666 0.000000
53.911272 5.864724
56.946114 10.226877
65.417190 10.921450
72.953581 10.891450
73.308983 15.718859
64.978914 17.410640
60.019456 23.209505
59.080548 29.698040
60.320193 36.246267
54.319182 36.531602
49.662586 33.507694
43.591350 33.536526
38.128625 36.459284
30.104125 31.973161
26.071698 26.589385
18.090549 22.762462
13.077440 20.563685
6.000541 19.428510
0.000000 17.199301
