13.076083 5.214938
12.295686 5.400957
11.680024 5.533675
10.868188 5.727372
10.645950 5.713150
10.551710 5.707120
7.637037 4.998184
7.300959 4.916440
6.910978 4.912389
5.289202 4.895543
4.731517 5.022936
3.182144 5.376861
2.459306 5.177242
0.000000 4.498081
1.508203 3.805534
2.492058 3.353762
2.816062 3.204982
2.693606 3.239981
2.804948 3.199397
3.070387 3.102642
4.951937 3.183181
5.605628 3.027064
5.691049 3.006664
5.830510 2.973357
6.835549 2.733330
7.451135 2.586314
7.980050 2.459997
8.843583 2.253766
9.124550 2.186664
9.280888 2.171183
10.192881 2.080871
10.588012 1.924339
10.904593 1.935263
11.434766 1.764433
12.392819 1.455732
12.722493 1.327393
12.987656 1.264066
13.702552 1.093332
14.833163 0.823316
14.847052 0.819999
14.869728 0.814584
15.991553 0.546666
16.678670 0.382567
17.136053 0.273333
17.882802 0.094992
18.280554 0.000000
18.441511 0.072015
18.726095 0.199343
19.660808 0.617548
19.883183 0.927230
19.534363 1.795431
19.298190 2.383261
18.714221 2.534846
18.497855 3.396150
18.367842 3.935283
17.831709 4.071003
17.481502 4.162598
13.076083 5.214938
