5.555247 2.860712
5.060223 1.817170
5.015085 0.156378
4.418236 0.000000
2.901135 0.900098
2.857682 0.894892
2.652842 1.000181
1.747771 1.463961
1.710457 1.769293
1.597585 2.589953
1.558614 2.873297
1.526089 3.138741
1.406467 4.030628
1.341189 4.504576
0.554431 5.136410
0.176597 5.439805
0.148262 5.663561
0.000000 6.801588
0.075553 6.961892
0.130394 7.080942
0.916660 7.767874
1.473035 8.253862
1.619602 8.564839
1.808503 8.974910
2.756337 9.374812
2.808502 9.396821
2.878338 9.427262
3.816763 9.836310
4.023635 10.285212
5.170580 11.947385
5.213941 12.015000
5.235072 12.032013
5.236971 12.039919
5.258101 12.083352
6.198054 13.772892
6.303497 13.962422
5.686291 7.180548
5.800784 6.352623
6.119255 4.049679
5.555247 2.860712
