4.295154 4.243514
5.108857 3.468057
5.508469 3.087228
4.717459 2.331763
4.496388 2.122814
4.356357 2.134723
4.096931 2.156788
3.446920 1.319896
3.314044 1.148818
2.905494 0.607803
2.558889 0.148818
2.446509 0.000000
2.277074 0.174190
1.769161 0.696356
1.212184 1.268963
1.206658 1.318592
1.138538 1.344677
0.279655 2.227662
0.000000 2.515164
1.026038 3.223137
1.002857 3.483878
1.779163 4.216476
2.024441 4.447945
2.554755 4.405094
3.159619 4.347606
3.290987 4.333919
3.530712 4.312337
4.026939 4.270132
4.295154 4.243514
