0.298913 2.605284
0.000000 2.224243
0.014953 1.609355
0.022349 1.305244
0.048016 0.605102
0.442516 0.262265
1.198789 0.000000
1.638486 0.194854
2.301268 0.492844
2.344218 0.512153
2.440567 0.478709
2.455492 0.561733
3.128584 0.860126
3.491971 1.023481
4.441648 0.693894
4.572428 1.509188
4.626353 1.845358
4.732838 2.509188
4.753183 2.636017
4.893247 3.509188
4.704260 3.617672
4.579584 3.689240
3.996160 4.024142
3.404349 4.363859
3.288117 4.431626
3.112179 4.534262
2.558200 4.551188
2.249386 4.155255
1.163405 4.526199
1.093892 4.135581
0.996951 3.585753
0.976319 3.468734
0.298913 2.605284
