3.210398 6.403757
3.396737 6.489868
4.356179 6.933229
4.612214 6.701117
5.225619 6.796948
5.373647 6.773745
5.412036 6.767728
5.478201 6.757366
6.467913 6.602366
7.294168 5.853113
7.433794 5.875327
7.864072 5.948808
7.842987 5.362452
8.201245 4.914693
8.349220 4.724205
8.854182 4.806077
9.431587 4.706991
10.073306 4.125071
10.058442 3.712278
10.017788 2.593806
10.010196 2.384952
8.975557 1.617430
7.866598 0.795012
7.766037 0.720435
7.672215 0.650835
6.615056 0.162144
6.264300 0.000000
5.712817 0.304267
5.619856 0.355556
5.568567 0.383853
4.975411 0.711111
4.568567 0.935577
4.330967 1.066667
3.900317 1.304267
3.686523 1.422223
3.568199 1.484754
3.034951 1.774542
2.566349 2.023687
2.047182 2.303678
1.817042 1.458742
1.674950 0.937063
1.409321 0.978654
1.337058 0.989980
0.960904 1.331020
0.966648 2.115851
0.997071 2.869884
0.593410 3.234048
0.611507 3.366183
0.693179 3.946455
0.000000 4.576156
0.068869 4.951810
0.896119 5.334128
1.002435 6.000198
1.133205 6.097178
2.143187 6.563946
2.326510 6.535235
3.041369 6.429130
3.146623 6.374281
3.210398 6.403757
