4.537298 2.741932
4.174958 1.941008
4.026905 1.613754
3.777851 1.063242
3.084663 0.446866
2.582114 0.000000
2.176209 0.365434
1.576325 0.905494
1.088322 1.344829
0.555728 1.824303
0.000000 2.324602
0.312166 2.668946
0.669717 3.063341
1.246472 2.442484
1.672094 1.990218
1.718123 2.487090
1.753158 2.886011
1.068090 3.502771
1.842645 3.831800
1.905174 4.426151
2.029053 4.562802
2.136150 4.680937
3.106523 5.751334
3.557499 5.284716
4.186355 5.551854
4.811155 4.917396
5.186272 4.536476
5.787623 3.925824
5.472232 3.228679
5.243981 3.003582
5.032447 2.793317
4.537298 2.741932
