2.391276 5.154392
2.412848 4.808017
2.434904 4.428732
2.473101 3.840557
2.593089 3.631467
2.509061 3.209207
2.551284 2.428423
2.560919 2.262729
3.016784 1.964407
3.592942 1.586138
3.870458 1.403903
4.291370 0.679660
4.525606 0.277795
4.474665 0.021838
4.686371 0.000000
4.782404 0.182883
4.857702 0.322504
5.637438 0.934556
6.498279 1.610274
6.605022 1.602517
7.377811 1.546362
7.608796 1.727673
7.814114 1.888807
8.438924 3.060665
8.505655 3.185821
8.527526 3.202987
8.551996 3.222193
9.482510 3.952471
9.448797 4.493341
9.426272 4.943931
9.406121 5.395176
9.387079 5.688215
9.325934 6.765356
9.290106 6.827790
9.268655 6.864748
9.187511 7.005552
8.624474 7.982566
8.246075 8.230999
7.971366 8.223417
7.230670 8.202919
6.217786 8.867893
6.208675 8.883655
6.193125 8.910257
5.367405 8.999877
5.169678 9.023365
4.856520 9.565138
4.669881 9.884420
4.063440 10.936748
4.013857 10.942728
3.755946 10.968468
3.050357 11.041253
2.329761 11.128283
2.036602 11.157550
1.466171 11.204670
1.023656 11.259666
0.822610 10.870818
0.673597 10.582593
0.124522 9.536937
0.000000 9.299804
0.160161 8.911220
0.206530 8.136457
0.214950 7.973196
0.231466 7.719790
0.264906 7.245446
0.654922 6.989400
1.295776 6.568683
2.178429 5.989111
2.354379 5.688124
2.391276 5.154392
