3.215443 1.227467
2.596915 1.604978
2.594438 1.606472
2.592953 1.607396
1.973467 1.985491
1.592954 2.217733
1.352480 2.364504
0.958478 2.604978
0.731492 2.743516
0.592954 2.828071
0.110504 3.122528
0.024749 4.068265
0.000000 4.341197
0.079840 4.476964
0.508148 5.205293
0.900783 5.374015
1.626118 5.685680
2.605182 6.106260
2.755919 6.171006
2.865537 6.218109
3.878972 6.653546
4.374019 6.357009
4.851524 6.425568
5.675287 6.213415
6.730147 5.941824
6.873958 5.904792
6.996351 5.711398
7.558683 4.822866
7.981038 4.155509
8.219163 4.008513
8.362951 3.919751
8.840614 3.624887
9.359653 3.304480
9.462064 3.241262
9.496506 2.861558
9.572950 2.018526
9.610828 1.601661
9.242016 1.048921
8.795476 0.395722
8.557184 0.293366
8.237686 0.156092
7.150485 0.000000
6.828529 0.196502
6.301026 0.518457
6.207541 0.575514
6.149289 0.609491
5.569835 0.947467
4.722871 0.583512
4.457418 0.469442
4.235351 0.604978
3.836430 0.848454
3.592953 0.997058
3.215443 1.227467
