20.967588 7.207186
16.871580 0.000000
16.748853 5.379370
18.680639 9.873441
16.395477 16.392861
13.862713 22.294624
7.421644 22.851433
0.000000 21.302703
0.347249 29.330070
4.144151 33.784299
9.345331 33.800454
15.067611 35.563322
19.433007 39.019860
23.661384 42.370262
26.049666 48.380518
23.854364 52.859875
24.211307 57.886108
32.526822 58.022268
33.169396 51.306006
34.953396 46.191470
36.707816 38.998692
39.527642 33.004403
41.818968 28.124171
37.134506 26.751996
32.317120 25.219764
27.496287 23.683322
22.766465 17.015093
