2.080563 6.264083
1.678315 5.972550
0.756717 5.304552
0.667216 5.239680
0.628815 5.211845
0.395621 4.441838
0.314408 4.173673
0.153247 3.641519
0.000000 3.135501
0.621405 2.368562
0.822319 2.120565
1.603947 1.155620
2.436574 1.304716
2.614225 1.335135
2.779748 1.130787
3.620513 1.132392
3.933992 1.132990
4.612027 0.295913
4.805417 0.126896
5.359787 0.000000
5.421280 0.262609
5.628563 1.147813
5.628741 1.147815
5.628743 1.148003
5.628658 1.147999
5.628683 1.148087
5.628746 1.148145
5.628720 1.148222
5.628703 1.148368
5.628751 1.148532
5.745701 9.032795
5.748013 9.165148
5.749426 9.261389
5.655489 9.206377
5.414139 9.155410
5.217502 8.682782
4.733254 8.186708
4.133771 7.752228
3.714610 7.448429
3.533875 7.317437
2.700086 6.713084
2.080563 6.264083
