47.744593 19.017140
53.249995 17.384833
59.740751 18.714345
52.543580 23.728989
56.403484 32.033706
55.152241 36.656300
50.465074 30.166171
44.572586 28.973739
37.733069 27.612727
30.758913 25.689666
24.568081 26.705705
18.665591 29.798641
16.629585 34.831703
17.346720 42.843713
15.598393 49.084593
6.221711 43.952923
4.995336 38.292479
3.912189 33.293119
2.795077 28.136989
0.619094 23.153599
0.000000 20.048952
4.545621 17.194812
11.275293 15.085241
13.765853 7.136631
18.247972 0.000000
22.287418 3.598876
23.796971 10.532725
26.561385 17.103584
33.109579 20.003394
38.292946 20.224495
43.456833 20.297678
