40.070715 12.438576
43.099146 7.880407
43.003426 4.245456
37.921397 7.006185
33.646491 6.745363
28.947621 4.359607
22.854179 2.080860
19.822807 0.000000
0.000000 7.218222
4.535614 10.763245
4.662903 16.402861
6.074397 21.107841
9.320538 23.484281
14.333336 27.154320
19.091339 29.485575
19.927763 23.690009
16.883923 19.790696
10.731434 17.511750
10.727883 11.748722
13.228078 8.937156
16.706516 5.694979
21.148230 4.965949
23.229906 9.453048
20.513637 12.880875
22.106352 18.895395
27.239112 15.948125
31.401332 11.635918
33.770577 16.801479
37.322918 17.021568
