0.323122 1.791580
0.336725 1.654664
0.422059 0.795754
0.501118 0.000000
1.679528 0.006440
1.828459 0.007254
2.392301 0.940705
2.355969 1.444307
2.320314 1.938513
2.282480 2.462936
2.248327 2.936321
2.208991 3.481566
2.176340 3.934129
2.147857 4.370709
2.106973 4.936274
2.587740 5.732191
2.567214 5.971500
2.508090 6.717308
2.669142 6.983929
2.865565 7.309111
3.301524 8.030845
3.655735 8.617245
3.598461 9.340592
3.549976 9.885959
3.517810 10.210715
3.134360 14.100471
2.887575 16.607117
2.844452 17.043128
2.796076 17.537316
2.591759 17.508768
2.504767 17.404873
2.259089 17.111461
1.503897 16.908776
1.256910 16.888987
1.001015 16.465347
0.631838 15.854170
0.313067 15.326444
0.000000 14.808162
0.019809 14.533599
0.071990 13.810354
0.093812 13.507872
0.143976 12.812546
0.167286 12.489452
0.215964 11.814738
0.240760 11.471033
0.287950 10.816930
0.314234 10.452613
0.359937 9.819122
0.387708 9.434194
0.431924 8.821314
0.474800 8.226982
0.503908 7.823505
0.534232 7.403190
0.575896 6.825697
0.607722 6.384560
0.647883 5.827889
0.681211 5.365931
0.719869 4.830081
0.754699 4.347300
0.791856 3.832273
0.828188 3.328671
0.860844 2.829500
0.310520 1.918429
0.323122 1.791580
