6.486375 3.492463
6.419701 2.777753
5.739133 1.960465
5.620914 1.818480
5.349787 1.492848
4.820599 0.857276
4.588218 0.578126
4.063318 0.332062
3.354971 0.000000
3.285719 0.012376
2.704674 1.012652
2.265628 1.785104
1.905847 1.850192
1.879826 2.100904
0.999799 2.816751
0.777416 3.204717
0.430151 3.810549
0.167941 4.268013
0.000000 4.560981
0.235513 5.285465
0.275516 5.408523
0.560590 6.285465
0.735981 6.825000
1.436228 6.699900
2.411821 7.155203
2.686612 7.134257
3.970384 7.036406
3.985187 7.035277
5.246245 6.018751
5.335657 6.269178
6.047593 5.875503
6.652924 5.767300
6.675767 5.522656
6.743052 4.802031
6.804577 4.143102
6.515582 3.796051
6.486375 3.492463
