5.754028 5.242500
5.712613 5.329703
4.606686 5.485435
4.233722 5.878427
3.900461 6.223977
2.771931 6.382758
2.694982 6.393594
2.594149 6.407782
1.564126 5.960688
0.512418 5.504029
0.451776 5.477698
0.416843 5.399054
0.000000 4.460620
0.125806 3.575559
0.217655 2.929390
0.310450 2.276565
0.435311 1.398158
0.694162 1.194146
1.074594 0.894309
1.493628 0.564049
2.061814 0.116235
2.411931 0.067001
2.888219 0.000000
3.805318 0.101784
4.411019 0.169009
5.332090 0.271095
5.352140 0.292545
5.428560 0.281797
6.844882 0.438990
7.073119 0.689675
6.923086 1.744969
6.890307 1.975588
6.713405 3.219391
6.704923 3.279027
6.703359 3.290029
6.520385 4.576996
6.054970 4.642460
5.754028 5.242500
