9.653600 0.968600
9.136857 0.744541
8.412239 0.919894
8.151957 0.982881
7.584572 0.736862
7.029911 0.496361
6.256733 0.686411
6.049490 0.736641
5.563426 0.525885
5.024912 0.767849
4.803936 0.861962
3.939883 0.487309
3.279684 0.201047
2.816017 0.000000
1.988031 0.203523
1.835867 0.240398
1.470815 0.082112
0.836832 0.380840
0.735408 0.428630
0.368066 0.601719
0.000000 0.775148
0.585304 1.697151
1.143639 2.576674
1.238194 2.725622
1.321105 2.715504
1.642333 2.966800
2.193866 3.398985
2.540737 3.670797
2.775516 3.642326
3.043874 4.065059
3.478187 4.405391
3.754831 4.622172
4.304367 4.545687
4.761568 4.490598
5.190489 4.436580
5.681743 5.210433
5.840416 5.460384
5.977738 5.441272
6.718239 5.338208
6.977738 5.302090
7.596063 5.216031
7.977738 5.162909
8.473886 5.093855
8.977738 5.023728
9.354108 4.975457
9.989722 4.893938
10.197243 5.056553
10.523039 5.311849
11.147821 5.582754
11.409221 5.518501
12.127194 5.342019
12.490667 5.252676
13.106567 5.101284
13.719317 4.385907
13.429497 3.929366
13.069569 3.362387
12.751585 3.403170
12.578903 2.589462
12.403609 2.313328
12.270184 2.103149
11.382822 1.718390
10.716445 1.429450
10.258903 1.231061
9.653600 0.968600
