13.719220 11.865711
13.591558 12.060138
13.548626 12.125523
13.009614 12.946430
12.440133 13.060054
12.038035 13.430434
11.372770 14.043221
11.209160 14.075845
10.903149 14.136901
10.127094 14.134811
9.828704 14.134009
9.358299 13.674750
8.706202 13.804912
8.157256 13.914485
7.646682 13.416015
7.502101 13.274861
6.825507 13.409910
6.301061 13.514592
6.188992 13.405179
5.650395 12.874068
5.186084 12.966746
4.743797 12.646736
4.351826 12.362944
3.791507 12.474714
2.649199 12.414763
2.289412 12.383613
1.921451 12.320132
0.984299 11.632278
1.021012 11.109464
0.473898 10.534833
0.000000 10.056606
0.074668 7.990753
1.464664 7.297224
3.238729 6.412065
5.098495 5.484147
6.404677 5.132055
7.742048 3.946128
7.941996 3.304304
10.534011 1.824544
11.701651 1.157947
12.133569 0.442366
13.407796 0.000000
13.577031 0.522934
13.804203 0.796819
14.173630 0.863241
15.183951 1.198135
15.061903 1.758812
15.083098 2.345213
15.349930 2.668275
15.581999 2.951305
15.725169 3.125913
16.040229 3.507097
16.367094 3.902566
16.391564 4.581315
16.732896 4.933915
17.158241 5.364678
17.070747 5.995979
16.980276 6.648717
16.852790 7.568534
16.802337 7.932561
16.630767 8.018895
16.066280 8.307397
15.951193 8.481878
15.922670 8.525123
15.964307 9.755889
15.821153 9.889558
15.568342 10.125620
15.062738 10.597726
14.532548 11.102299
14.309777 11.311398
13.719220 11.865711
