6.301308 0.199943
6.977675 0.617808
7.919933 1.199943
7.958750 1.254185
7.986540 1.293020
8.630999 2.193576
8.704200 2.947190
8.772434 3.649998
8.835973 4.303659
8.510429 4.961677
8.350341 5.285335
8.003944 5.478030
7.426519 5.536612
6.783946 5.591026
6.421318 5.944981
5.218986 5.914167
4.927147 5.812528
4.827840 5.777942
3.725901 5.394168
3.215833 5.877486
3.158211 5.876419
3.080928 5.874962
2.001304 5.498735
1.632989 5.370491
1.621133 4.973089
1.600432 4.279184
1.116867 4.270163
0.463637 4.257978
0.206906 4.253189
0.016858 4.249643
0.011537 3.978667
0.000000 3.391199
0.599773 3.065310
1.565342 2.540728
1.696861 2.469276
2.003276 2.302785
2.803065 1.868220
2.881624 1.708530
3.136401 1.201946
3.136747 0.969162
3.296238 0.882488
3.673449 0.677548
4.199516 0.166300
4.700739 0.119456
5.303750 0.063045
5.977675 0.000000
6.301308 0.199943
