2.964599 12.227891
3.040687 12.066698
3.579926 10.924313
3.623409 10.832201
3.863845 10.756567
4.398018 10.588535
4.494611 10.383901
4.980792 9.354022
5.194014 9.286950
5.755389 9.110359
6.028364 8.532050
6.343986 7.863394
6.649261 7.216655
6.932582 6.616429
7.268384 5.905097
7.515367 5.381913
8.116577 5.192792
8.289964 5.138251
8.803401 4.050512
8.878560 3.891285
9.424298 2.735117
9.467156 2.644320
10.049291 1.411133
10.174019 1.018967
10.621546 0.000000
11.345734 1.939518
12.528201 5.118531
12.435537 6.285727
12.382555 6.953108
12.784448 8.039558
12.032281 9.106120
11.898014 9.370751
11.481823 9.500347
10.891614 9.684130
10.367188 10.717732
10.250995 10.946740
9.680073 12.071983
9.610376 12.209352
8.999569 13.413195
8.976157 13.459336
8.949648 13.467732
8.861167 13.495142
8.176218 13.708425
7.969757 13.772714
8.046223 13.983825
7.582841 14.965708
7.745578 15.900000
7.760859 15.986122
7.718402 16.076087
7.833970 16.398573
8.003352 16.869613
7.941216 17.001279
7.394717 18.159057
7.364081 18.223945
7.199160 18.273545
6.595295 18.455159
6.413682 18.509780
5.826509 18.686373
5.413681 18.810531
4.234641 18.237134
4.118469 18.141097
4.066995 18.155604
3.339960 18.364263
2.887982 17.990649
2.403708 17.590311
1.696212 17.789697
1.454045 17.671924
0.690598 17.040798
0.161893 16.603676
0.000000 16.180327
0.226642 15.733237
0.629712 14.938113
1.091916 14.797633
1.632133 14.633406
1.863426 14.560649
2.343528 13.543645
2.452087 13.313664
2.964599 12.227891
