7.200325 1.965278
7.376879 1.850941
7.807269 1.572222
8.376879 1.203344
8.414214 1.179167
8.471864 1.141833
9.021158 0.786111
9.376880 0.555747
9.628102 0.393055
10.016033 0.141832
10.235047 0.000000
10.544383 0.128487
11.343566 0.460487
11.519981 0.750955
11.867696 1.323467
11.996638 1.535771
12.391826 2.186448
12.372121 2.485570
12.836887 3.099850
12.906391 3.192813
12.833352 4.301529
12.790866 4.946467
12.750865 5.553085
12.674066 6.717782
12.644941 6.766514
12.592661 6.853992
12.225459 7.468321
12.020930 7.810498
11.805970 8.170126
11.420042 8.815783
11.367791 8.903211
11.195863 8.961833
10.184957 9.306520
9.744306 9.456768
9.014004 9.705778
8.735271 9.357927
8.463916 9.023257
7.751745 9.266091
7.394204 9.232703
7.104573 9.205658
6.501072 9.149299
5.748541 9.079022
5.496030 9.055443
5.013015 8.459727
4.023506 8.797127
3.828399 8.863654
3.745346 8.891973
2.916954 8.814614
2.240421 8.751442
2.104216 8.581458
1.742146 8.704912
1.122247 8.649297
0.624348 8.604629
0.384312 8.297802
0.000000 7.806550
0.187005 7.112236
0.376880 6.384123
0.523936 6.288889
0.751016 6.141832
1.376879 5.736525
1.737825 5.502778
2.295186 5.141832
2.344769 5.109722
2.376879 5.088928
2.951714 4.716667
3.376880 4.441331
3.558658 4.323611
3.839355 4.141832
4.165603 3.930556
4.376879 3.793733
4.772547 3.537500
5.376879 3.146136
5.379491 3.144445
5.383525 3.141833
5.986436 2.751389
6.376880 2.498539
6.593380 2.358333
6.927694 2.141832
7.200325 1.965278
