26.839983 15.634629
21.187093 17.003936
13.963404 17.230243
7.798168 14.514408
3.646849 14.158603
0.000000 17.307263
5.364778 21.841020
12.433810 26.866622
16.536127 31.927316
21.526207 32.540175
25.783047 30.455368
31.054546 29.255390
33.353233 24.529280
35.151966 18.380830
38.954786 13.086367
42.804168 10.618209
47.640034 9.331184
52.378848 8.044263
61.901933 10.760094
61.406387 7.632474
57.175747 6.159708
50.035944 2.914089
44.967084 0.000000
39.712624 1.356030
38.410105 6.762641
31.864729 12.595618
