35.180705 26.913082
40.212691 24.846192
36.681390 18.866611
32.857723 13.392933
31.436280 6.322018
26.840816 1.488578
18.828834 1.642074
11.849039 0.000000
7.217224 2.080624
9.300158 7.173720
10.626388 12.462029
10.033701 16.946458
6.718696 22.638999
2.297392 28.076311
0.000000 34.161611
6.283456 33.983848
12.938349 33.041551
19.443908 35.607538
24.498491 37.182718
29.971179 39.406496
34.618512 44.416935
38.451420 49.064900
41.982457 46.491550
41.649554 36.224810
36.907339 36.176521
32.308328 30.954891
