4.298756 0.914199
5.218581 0.918619
5.272797 0.877025
6.253503 0.124619
6.445164 0.126331
7.257178 0.136981
7.435724 0.000000
8.264145 0.057797
9.204747 0.113860
9.264639 0.117996
10.073887 0.173889
10.255168 0.176227
10.265227 0.176357
11.205374 0.188480
11.268158 0.189289
12.163979 0.200839
12.271089 0.202220
13.113686 0.213086
13.274020 0.215154
13.491120 0.402123
13.248315 0.685843
12.654625 1.379569
12.174417 1.940694
11.818543 2.356538
11.108697 3.185994
10.980693 3.335565
10.511031 3.884367
10.141854 4.315750
10.306167 5.064317
10.374396 5.375154
9.970388 5.847241
9.538517 6.351881
8.902566 7.094991
8.714141 7.315166
7.892824 7.257865
7.639141 7.240166
6.892824 7.188098
6.243852 7.142821
5.922596 6.590434
5.622824 6.074983
4.948822 6.017282
4.746274 5.781038
4.151717 5.087565
4.008795 4.920865
3.952977 4.916408
2.999513 4.840281
2.823903 4.635455
2.062135 3.746956
1.560642 3.706916
1.052858 3.666372
0.616930 3.635959
0.104444 2.754756
0.000000 2.575168
0.119120 2.483778
0.805725 1.957014
1.103391 1.687683
1.157456 1.638172
2.054993 1.700791
2.157456 1.707940
2.165204 1.708402
3.167779 1.768258
3.562554 1.406738
4.205630 0.913368
4.298756 0.914199
