8.754351 0.987286
9.303214 0.990443
9.775187 1.387559
10.469440 1.971855
10.451227 2.290790
10.412269 2.972971
9.761048 3.477365
9.119990 3.973879
9.097463 4.329855
9.056337 4.979922
8.737995 5.226513
7.764342 5.980608
7.718644 6.015998
7.552991 6.144286
6.699293 6.805420
6.696688 6.986703
6.685388 7.772943
6.684544 7.991632
6.552134 8.122711
6.049160 8.620628
5.674562 8.989243
5.087426 9.567000
4.661263 9.986290
3.810580 9.999449
3.638905 10.132441
2.991103 10.634279
2.628375 10.915283
1.810770 10.002138
1.623568 10.000737
1.375909 9.756753
0.616867 9.009240
0.614600 8.666386
0.033073 8.016907
0.013144 7.413852
0.000000 7.016134
0.623890 6.258678
0.627098 6.020455
1.630729 5.026999
1.639939 5.017916
1.645816 5.012120
1.672434 4.985877
2.473226 4.013851
2.662133 3.784549
3.300380 3.009809
3.681649 2.547009
4.131184 2.001442
4.698033 1.313208
4.959178 1.263473
5.724158 1.108680
5.815687 0.997574
6.197350 0.534182
6.735842 0.117077
6.882708 0.003303
7.752014 0.000000
8.369182 0.607901
8.754351 0.987286
