2.274705 1.326401
2.223853 0.807424
2.314800 0.603144
2.355635 0.511423
3.015289 0.239529
3.925098 0.000000
5.693200 0.931126
9.982760 3.749213
9.980046 4.154128
9.511930 4.807432
9.423988 5.452731
9.325914 5.532901
8.846783 5.924563
8.325914 6.350345
8.296602 6.374749
8.260759 6.404590
7.747164 6.832188
7.327143 7.181880
7.424143 8.300124
7.449397 8.591272
7.551029 9.762926
7.571651 10.000665
7.676808 11.213026
7.692675 11.395966
7.623143 11.452805
7.538082 11.522337
6.692675 12.213411
6.522697 12.352359
6.314757 12.522337
5.606768 12.332451
4.938410 12.153193
3.733429 11.829985
3.560809 11.783686
3.467056 11.139199
2.812970 10.879509
2.050205 10.576673
1.731225 10.609715
1.239968 10.660600
0.679741 10.366544
0.117769 10.071571
0.072232 9.548279
0.000000 8.678899
0.192685 8.516089
0.076326 7.377445
0.051761 7.137055
0.261401 6.959919
0.600565 6.673342
0.466590 6.488570
0.171203 6.081188
0.110015 5.555488
0.416076 4.868008
0.648303 4.346387
0.900963 3.778860
0.982375 3.595993
1.159745 3.197587
1.314718 2.849489
1.385851 2.689713
1.648870 2.098938
1.870741 1.600567
2.274705 1.326401
