0.658857 2.555590
0.492137 2.210620
0.002071 1.219467
0.000000 1.201489
0.541938 0.000000
0.750497 0.015521
1.421390 0.310147
1.993558 0.566804
2.499542 0.792509
3.074792 1.373417
3.847951 2.154096
3.754933 2.312910
3.222472 2.658124
3.087483 2.744806
2.590796 3.846129
2.531918 3.976680
2.418022 4.051235
2.627762 4.176149
2.978285 4.889175
3.334064 5.596448
3.251311 5.960895
3.626791 6.178375
3.864680 6.651286
3.719417 6.973311
3.317635 7.864098
3.116797 8.309430
2.473699 8.517313
2.237915 8.412573
1.518619 7.686226
1.475326 7.309938
1.381609 6.557555
1.254254 6.429020
0.517060 5.684771
0.473823 5.309421
0.387809 4.563946
0.439000 4.450466
0.354556 4.275740
0.284080 3.664932
0.258490 3.443143
0.658857 2.555590
