5.275091 4.337340
4.722735 4.442047
4.296373 4.286046
3.800143 4.616937
3.654469 4.644552
3.597931 4.655269
2.849495 4.797143
2.473126 4.868488
1.760319 4.607681
1.306357 4.910386
0.960293 4.773801
0.000000 4.398452
0.334476 3.494051
0.816673 3.032153
1.483700 2.393201
1.758865 2.129620
2.633249 1.292041
2.701110 1.227038
3.009552 0.931579
3.682204 0.467488
3.805617 0.382340
3.984492 0.258927
4.544259 0.152818
4.769281 0.110161
5.350426 0.000000
6.050178 0.247823
6.246331 0.637121
6.368155 0.880837
6.677115 1.498930
7.135783 2.214733
7.958864 3.016788
8.983090 4.478901
9.823482 4.859640
11.633634 5.679730
11.988402 5.513365
12.655294 5.425789
13.207303 5.613478
12.923341 6.373995
11.855060 6.259708
11.255328 6.036142
11.237392 5.788988
9.728217 5.047817
9.477172 4.994484
9.016909 5.080285
8.458933 5.184303
7.606528 4.872417
7.539600 4.353402
7.015599 4.170954
6.698272 4.067556
6.178973 3.911343
5.847539 4.228824
5.275091 4.337340
