3.640876 0.541643
3.556332 0.472090
2.539128 0.000000
1.993793 0.118973
1.555678 0.214553
1.039213 0.327228
0.572808 0.432281
0.075084 0.983550
0.496686 1.720755
0.687905 2.049144
0.000000 2.810836
0.085029 3.255391
0.369549 3.489006
0.812006 3.852298
1.272919 4.230699
1.565025 4.203141
1.390703 4.833580
1.490340 5.354510
1.518025 5.514155
1.570285 5.815499
1.685225 6.478283
1.296879 7.079762
0.895650 7.701195
1.432102 8.141579
2.028572 8.416335
2.726168 8.264585
3.012131 8.202379
3.634528 8.066988
3.995689 7.988423
4.682319 7.227863
4.842846 7.050039
5.270081 6.576899
5.680534 6.122330
5.656526 5.974210
5.079324 5.489983
5.562396 5.377285
6.097971 4.784164
5.716428 4.137189
5.439069 3.908076
5.261508 3.762527
4.711232 3.309245
4.150860 2.851197
4.057651 2.775008
4.015665 2.555494
3.903087 1.966906
3.364400 1.717073
3.660283 0.650607
3.640876 0.541643
