3.507142 4.986062
3.304706 5.413566
3.208847 5.616002
2.983349 6.092209
2.735318 6.616002
2.661992 6.770851
2.507142 7.097863
2.208733 7.402658
2.104204 7.509425
1.632809 7.990909
1.326539 8.303732
1.056883 8.579159
0.548874 9.098040
0.480958 9.167410
0.287072 9.365446
0.218901 8.874873
0.026870 7.492901
0.051497 7.441558
0.361781 6.778575
0.522039 6.436150
0.679640 6.090949
0.280235 5.497305
0.000000 5.080759
0.112872 4.842394
0.321357 4.402116
0.586402 3.842394
0.642714 3.723473
0.761636 3.472335
0.964072 3.044830
1.059931 2.842395
1.285429 2.366188
1.533460 1.842394
1.606786 1.687545
1.761636 1.360533
2.059004 1.055346
2.164574 0.948972
2.635969 0.467488
2.942239 0.154664
3.552192 0.000000
4.216892 0.987994
4.231877 1.010268
4.252371 1.040730
4.279059 1.232796
4.458026 2.502603
4.590135 2.698995
4.507142 2.874260
4.268778 3.377638
4.155906 3.616002
3.947421 4.056280
3.682376 4.616002
3.626064 4.734923
3.507142 4.986062
