5.546238 4.832087
5.748471 5.851803
5.305691 6.327200
5.261584 6.374555
5.291540 6.525612
5.500209 7.577783
5.190765 7.900889
4.823315 8.284562
4.521808 8.599381
3.590742 8.451520
3.315554 8.407803
3.134180 8.378997
2.663179 8.486707
1.619112 8.725465
1.617582 8.724410
1.611122 8.719954
0.773136 8.142034
0.249559 7.780947
0.157990 7.319331
0.000000 6.523080
0.036330 6.006604
0.410528 5.615885
0.796516 5.201465
0.897696 5.094302
0.993572 4.991314
1.042707 4.252593
1.105787 3.423172
1.147990 3.379106
1.192057 3.333093
1.637191 2.868307
2.063504 2.423172
2.126392 2.357507
2.192057 2.288943
2.615593 1.846708
3.021220 1.423172
3.104794 1.335909
3.192057 1.244793
3.593053 0.820353
3.972494 0.418729
4.153938 0.375945
4.308895 0.340850
5.748136 0.000000
5.685634 0.886100
5.636757 1.579014
5.517123 1.707462
5.598691 2.118684
5.556265 2.720846
5.525378 3.158029
5.268868 3.433434
5.446057 4.326948
5.510058 4.649748
5.546238 4.832087
