6.667153 4.277455
6.894706 3.637574
7.005534 3.325922
7.239590 2.633785
7.254827 2.590390
7.298222 2.466797
7.516893 1.851968
7.590702 1.633785
7.134273 0.612047
6.750605 0.313651
5.957831 0.652182
5.415149 0.332417
5.338578 0.287300
5.022683 0.422189
4.177980 0.782885
3.973228 0.662239
3.049914 0.108424
2.871714 0.000000
2.532521 0.077102
1.795162 0.245986
1.442092 0.326854
1.208728 0.980069
0.087593 0.641324
0.020383 0.621022
0.006613 0.660240
0.000000 0.679075
0.022762 0.696778
1.033391 1.482762
0.876572 1.955873
0.784545 2.231653
0.751119 2.326853
1.046956 2.996187
1.313252 3.585215
1.488329 3.977133
1.341981 4.409742
1.144514 4.993466
1.380747 5.522283
1.874428 6.627413
2.015603 6.715607
2.610337 6.462455
3.088549 6.355261
3.303950 6.305023
3.364414 6.141461
4.379866 6.913374
4.456858 6.846474
5.175999 6.232737
5.537725 5.936690
6.010569 5.525828
5.777334 4.817641
6.539494 4.636480
6.667153 4.277455
