0.073369 2.630619
0.092635 1.842889
0.097826 1.630619
0.654009 1.302468
1.083046 1.043560
1.371779 0.644378
1.759297 0.108624
2.323489 0.000000
2.787061 0.282747
3.370385 0.646725
3.350536 1.458328
3.345928 1.646725
3.326663 2.434455
3.321471 2.646725
3.302790 3.410583
3.297015 3.646725
3.295022 3.889078
2.751200 4.640927
2.343563 5.204497
2.034250 5.632129
1.609862 6.218859
1.108483 6.315390
0.000000 5.630619
0.021017 4.771271
0.024456 4.630619
0.044889 3.795143
0.048913 3.630619
0.068762 2.819016
0.073369 2.630619
