3.974794 1.658143
4.059406 1.749116
4.107314 2.003463
4.199709 2.493992
4.236104 2.691897
4.304077 3.061515
4.575602 3.375767
4.409665 3.635735
4.017989 4.265651
3.929362 4.641053
3.868328 4.696737
3.579062 4.960641
3.352746 5.315239
3.263135 5.455643
3.056041 5.780123
2.680183 6.359677
2.115740 7.253408
2.104382 7.271392
2.096582 7.270935
2.081652 7.270060
1.113114 6.401526
0.964697 6.268434
0.121051 5.511891
0.115820 5.120534
0.106490 4.422548
0.095069 3.568078
0.000000 3.464542
0.085918 3.100623
0.286500 2.251019
0.379024 1.859112
0.574007 1.033213
0.789893 0.118772
1.033020 0.000000
1.539475 0.152427
1.878777 0.254546
2.976654 0.584974
3.128445 0.748175
3.974794 1.658143
