6.239598 9.248587
6.640196 9.751267
6.708413 9.920305
6.738030 9.993692
6.992894 10.625222
7.146017 11.004647
7.018930 11.373412
6.906483 11.699695
6.743699 12.172041
6.559721 12.705885
6.651994 12.941687
6.859155 13.471083
6.700267 13.769385
6.572407 14.009432
6.314250 14.503402
6.143864 14.829428
5.892204 14.690099
5.737458 14.600006
5.258877 14.329840
4.715678 14.023198
4.625723 13.972416
4.479167 13.889684
3.992569 13.614992
3.693899 13.446389
3.359415 13.257568
3.308212 12.425580
3.246607 11.424504
3.231561 11.179990
3.201630 10.692833
3.155168 9.936664
3.046315 9.799829
2.633726 9.285615
2.539107 9.052736
2.428009 9.027869
2.016347 8.939146
1.244318 8.681365
1.104653 8.120956
1.652743 7.023427
0.883591 6.852599
0.716276 6.561207
0.000000 5.776399
0.239647 3.804005
0.525093 1.454662
0.536969 1.121158
0.559896 0.477380
2.054949 0.000000
1.992200 1.356739
1.442311 1.440645
1.905537 1.705327
2.017438 1.767280
2.440665 2.252173
3.026144 2.145114
2.838270 2.914234
2.593478 3.916360
2.418367 4.633232
2.211906 5.478440
2.818730 4.862565
3.424833 4.247422
3.662642 4.105868
3.941180 4.295487
5.321134 5.797763
5.366982 6.543360
5.397055 7.032277
5.411689 7.270379
5.473529 8.276044
5.960905 8.895889
6.136712 9.119483
6.239598 9.248587
