2.327056 0.887093
1.744133 1.185276
0.941390 1.595899
0.936136 2.032802
0.931469 2.310653
0.000000 2.787124
0.003261 3.242339
0.342132 3.811926
0.596724 4.239848
0.940261 4.409413
1.771142 4.819518
2.350383 5.105420
3.335750 5.098361
3.510581 4.973481
3.761167 4.800356
4.106844 4.563191
5.165184 5.085570
5.270709 5.137655
5.345880 5.083961
5.854041 4.720988
6.345881 4.369672
6.437373 4.304319
6.565463 4.212827
7.020706 3.887652
7.345881 3.655383
7.340344 2.882510
7.335948 2.268924
6.547624 1.722718
6.418237 1.633070
6.325817 1.569035
5.828995 1.224802
5.315686 0.869147
5.239753 0.816535
5.133446 0.742878
4.650511 0.408267
4.305555 0.169258
4.061269 0.000000
3.724220 0.172409
2.910093 0.588855
2.327056 0.887093
