0.439932 13.512552
2.923335 17.966796
7.919476 21.549496
12.150729 22.705944
15.459663 22.407492
10.909381 18.631957
6.907329 15.114320
4.155656 11.422730
5.731484 6.689152
9.715289 4.762882
17.216884 12.368102
16.256727 18.395473
17.451043 30.187209
18.405426 35.445455
18.985726 39.770345
18.462251 44.232521
18.154662 49.780910
23.419459 48.481457
24.123752 44.079139
23.429387 39.501108
23.408521 32.766222
21.396861 28.661329
19.057022 24.294070
24.047956 20.062333
23.906611 14.843604
23.609040 8.888064
20.497468 6.292591
15.337688 4.889488
10.673476 0.000000
2.720040 1.840586
0.000000 8.131633
