4.950097 4.483930
4.509729 3.924740
4.153120 3.471907
4.144648 3.304832
4.136093 3.136102
4.101008 2.444176
4.066267 1.759034
3.862337 1.504121
3.294659 1.275538
2.910716 1.118848
2.504243 0.449616
2.231094 0.000000
1.421232 0.041166
1.026245 0.346190
0.620048 0.659870
0.333856 1.601765
0.266768 1.822579
0.182920 2.098608
0.246238 3.417101
0.267562 3.838304
0.000000 4.718909
0.330012 5.137969
0.533439 5.393052
1.322862 6.382932
1.329715 6.391525
1.357513 6.426382
2.011824 7.503463
2.317745 7.626673
3.286743 8.016849
4.211086 8.389044
4.411782 8.283485
5.133148 7.921437
5.080912 7.070088
5.041920 6.209616
5.045111 6.199116
5.047577 6.190999
5.396678 5.042235
4.953979 4.488860
4.952242 4.486654
4.950097 4.483930
