33.177290 20.549944
26.495718 20.093038
22.690088 22.316484
18.300177 25.258812
14.294377 27.841759
8.694106 32.031865
4.218849 37.851667
0.000000 36.733840
0.773055 30.652094
3.152563 23.788450
6.925615 17.224457
7.639073 10.959362
11.759531 3.861917
17.794210 6.538490
23.081646 9.253346
28.470323 7.931448
34.150182 5.592092
39.036085 6.304604
45.443785 8.035847
46.125815 3.803560
52.635622 2.449343
57.193431 4.253784
64.524970 0.000000
67.833721 4.911637
64.863801 10.831564
61.378129 14.664556
55.976084 14.347901
52.700409 20.002748
51.801938 25.676526
46.675312 27.977760
41.028612 20.252180
