2.222982 1.732795
1.986093 1.230251
2.455081 0.604932
2.870818 0.050616
3.207567 0.000000
3.809666 0.448778
4.393244 0.883555
4.292487 1.419447
4.201548 1.986325
4.169604 2.171257
4.874622 2.957644
4.600835 3.525228
4.221492 3.673378
4.836578 4.033109
5.103178 4.574136
5.212009 5.062278
5.365436 5.750453
5.006360 7.068439
5.724772 8.651615
6.169146 9.701513
6.585993 10.531129
6.858906 11.081033
5.913725 11.206559
5.164445 11.309554
4.674036 11.053414
4.039024 10.577015
4.139490 9.984322
4.226971 9.468237
3.674036 9.053414
3.035786 8.574657
3.124985 8.029160
2.697352 7.551146
1.993667 6.764713
2.026971 6.568237
1.816466 6.410313
1.391115 6.091210
0.999517 5.653480
0.869681 5.508348
0.926367 5.161713
1.026971 4.568237
0.816466 4.410313
0.391115 4.091210
0.000000 3.654019
0.084340 3.477660
0.590065 3.066698
1.150961 2.610902
1.421284 2.390050
2.013325 1.904677
2.222982 1.732795
