6.017325 3.849357
5.868323 3.705105
5.420094 3.271167
5.079072 2.941019
4.822862 2.692978
4.289822 2.176933
4.225630 2.114788
4.025977 1.921501
3.628398 1.536599
3.500571 1.412847
3.027660 0.955014
2.711321 0.648762
1.977903 0.504853
1.773834 0.046245
1.030902 0.022443
0.330364 0.000000
0.185463 0.153140
0.048358 0.298041
0.108598 0.888113
0.194187 1.726477
0.000000 1.934923
0.289355 3.154999
0.300926 3.203787
0.364002 3.469744
0.605350 4.487384
0.650591 4.678146
0.906064 5.755358
1.009583 6.191846
1.634306 6.463427
1.687516 6.486560
1.696332 6.523737
1.744112 6.725197
2.000537 7.806408
2.049127 8.011287
2.301030 9.073447
2.768652 9.165202
3.269813 9.034659
3.087508 9.825843
3.090281 9.837533
3.681507 10.409909
3.879531 10.601619
4.277304 10.986709
4.668781 11.365704
5.205004 11.470921
5.485071 12.100319
5.620585 12.104660
6.932810 12.146697
7.453082 11.596381
7.929566 11.092381
8.398955 10.595885
8.929028 10.035201
9.342900 9.597429
9.254419 8.730691
9.197533 8.173467
8.702269 7.963087
8.539146 7.275269
8.213467 6.956008
7.746921 6.498658
7.665558 6.155584
7.446823 5.233276
7.211789 5.005735
6.657573 4.469190
6.614557 4.427546
6.480766 4.298021
6.017325 3.849357
