44.268397 55.982360
49.556659 62.779856
54.274557 70.017406
55.250524 76.597907
47.275532 78.917269
48.201479 72.835065
44.621627 66.157171
37.139932 62.152554
32.154972 57.462481
23.255464 48.777115
17.020729 45.949386
11.801223 45.207854
5.885205 45.168752
0.000000 41.993600
3.371894 34.487469
8.339907 29.398888
11.991082 24.479286
13.991143 19.253604
18.500894 12.764282
21.588684 8.321096
23.426369 3.297182
27.371426 0.000000
32.575954 2.008332
34.972288 7.178598
27.567698 10.976112
24.895972 19.170854
23.056444 25.229248
19.901226 34.658693
22.594207 40.075330
31.500907 44.043554
39.132086 40.244608
39.622329 47.817582
