4.903918 1.557338
5.473981 1.901615
5.763480 2.076451
6.093255 2.866592
6.126133 3.133598
6.359975 2.999707
6.896288 3.250256
7.094605 3.725420
7.260128 4.122009
7.218369 5.392835
7.179701 5.455197
7.154612 5.494463
7.043754 5.671174
6.750004 6.649589
6.409634 6.675196
6.215517 6.973594
5.854447 7.193356
5.650531 7.316089
4.782306 7.381406
3.812267 7.454385
3.531092 7.475539
2.920449 7.521480
2.294781 7.568553
2.126946 7.166423
1.823969 6.440495
1.578891 5.853292
1.353882 5.314173
1.078474 4.654301
0.879266 4.177007
0.718094 3.790839
0.184348 3.397569
0.038259 2.161970
0.000000 1.838382
0.321315 1.315368
0.629660 0.835486
0.843046 0.497315
1.093952 0.092635
1.562763 0.057365
2.325233 0.000000
2.711487 0.233269
3.184795 0.519113
3.630327 0.788182
4.044357 1.038225
4.549169 1.343095
4.903918 1.557338
