3.819937 3.925509
3.819937 4.291513
3.819937 4.925509
3.819938 5.291513
3.409454 5.849691
2.519865 6.281713
2.503890 7.081075
2.349401 7.291150
2.265495 7.405246
1.972759 7.291513
1.954528 6.561699
1.954528 6.284430
1.140368 5.968117
1.132748 5.281713
0.901422 5.079498
0.480916 4.711909
0.171208 4.290768
0.000000 4.057960
0.000000 3.291513
0.000000 2.525066
0.170665 2.292997
0.170665 2.211959
0.170665 1.444410
0.171755 1.291513
0.489727 0.859135
0.901366 0.299389
1.121537 0.000000
1.880027 0.294685
1.905822 0.990296
2.255784 1.164579
2.353048 1.296838
2.529951 1.537391
3.088139 2.296415
3.398243 2.718093
3.819937 3.291513
3.819937 3.925509
