11.583806 0.704698
12.196214 0.271660
12.580398 0.000000
12.772481 0.000000
13.580398 0.000000
13.772481 0.000000
14.580398 0.000000
14.964584 0.271660
15.576992 0.704698
16.180398 1.131369
16.577407 1.136766
16.966710 1.687376
17.560798 2.107461
17.560798 2.531724
17.160796 3.097412
16.580398 3.918219
16.160795 3.923978
15.570594 3.932078
15.160794 4.511626
14.580398 5.332432
14.160796 5.332432
13.580398 5.332432
13.168863 5.338136
12.580398 5.338136
11.991933 5.338136
11.580398 5.338136
10.991933 5.338136
10.580398 5.338136
9.991933 5.338136
9.580398 5.338136
9.160796 5.332432
8.583270 4.924060
7.876342 4.924060
7.580398 4.922029
7.287327 4.922029
6.580398 4.922029
6.287327 4.922029
5.580398 4.922029
4.994197 4.507521
4.588219 4.220451
4.386239 4.220451
3.580398 4.214922
3.184316 3.934850
2.584431 3.926775
2.160796 3.918219
1.580398 3.918219
1.160796 3.918219
0.583284 3.509856
0.000000 3.097412
0.000000 2.531724
0.587263 2.116466
1.192315 1.688630
1.582290 1.412876
1.960800 1.145229
2.580398 1.145229
3.199996 1.145229
3.580398 1.145229
4.199996 1.145229
4.580398 1.145229
5.199996 1.145229
5.580398 1.145229
6.188086 1.136807
6.580398 1.136807
7.188086 1.136807
7.580398 1.136807
7.972710 1.136807
8.583391 1.136766
8.980401 1.131369
9.580398 0.707107
10.277430 0.707107
10.580398 0.707107
11.279118 0.704698
11.583806 0.704698
