0.461856 3.609253
0.656568 4.495550
0.683987 4.616129
0.378977 5.093105
0.000000 5.685754
0.922583 6.422589
1.141998 6.597828
1.992032 7.276721
2.288867 7.513795
3.054415 8.125212
3.785363 8.116580
4.060149 8.113335
4.952833 7.280265
4.977497 7.045214
5.048837 6.377531
5.060626 6.252976
5.079466 6.073425
5.168420 5.225686
5.211690 4.813314
5.276213 4.198397
4.727561 3.683189
4.690970 3.239151
4.668127 2.924996
4.609100 2.222392
4.596481 2.052652
3.652608 1.298812
3.632918 1.212217
3.508122 0.687703
2.694365 0.357443
2.469712 0.260045
1.869906 0.000000
1.471843 0.371480
1.359565 0.476261
1.343504 0.629324
1.243697 1.511085
0.608090 2.104246
0.644218 2.579818
0.688927 3.254158
0.461856 3.609253
