3.807802 5.004873
3.045996 4.877721
2.994671 4.869154
2.976527 4.866127
2.175611 4.732550
1.875940 4.682518
1.364625 4.597151
0.775384 4.498773
0.450684 4.192862
0.252276 3.696673
0.000000 3.049850
1.208278 2.488458
1.261625 2.463672
1.356608 2.519808
2.274495 3.062291
2.382279 2.611174
3.244036 2.260971
2.744191 1.935489
2.732481 1.819400
2.681286 1.311844
2.746934 0.581190
2.868234 0.531544
4.110590 0.029305
4.113472 0.000000
4.134373 0.019690
4.205069 0.086297
4.702719 0.828964
4.976137 1.226018
4.897972 1.590208
5.797401 2.439281
5.827181 2.467332
5.836037 2.475671
6.769636 3.354971
7.047505 3.616703
7.534744 4.852423
6.599393 5.287007
6.278296 5.416931
6.263386 5.414440
6.219976 5.407201
5.614599 5.056620
5.177696 5.233374
4.629083 5.141805
4.077106 5.049775
3.807802 5.004873
