31.756027 3.792494
33.953722 0.000000
35.620175 7.369309
36.744380 12.604236
40.627309 17.147752
48.786770 17.758048
57.955792 16.361343
63.120794 19.060961
59.395859 26.351585
56.378403 35.408820
58.929620 43.342630
60.034494 50.295131
50.734881 49.576660
42.789801 49.247373
33.513681 51.775429
27.610407 50.098189
22.778941 45.371675
25.935745 39.192983
25.865284 33.911165
24.630444 27.213022
19.780918 21.684209
7.899834 15.892504
1.930248 14.282109
0.000000 8.873838
2.149995 3.443900
8.236578 1.115724
12.909604 8.848897
17.590360 16.101934
24.847609 17.214309
30.853931 10.856493
