5.270715 4.866915
5.048363 5.472077
4.943000 5.761827
4.904686 5.867190
4.652803 5.989977
4.442472 6.092025
4.301177 6.160580
3.620418 6.490872
3.375443 7.145762
3.244813 7.495005
3.024256 7.601828
2.199376 8.001348
1.973983 8.110514
1.487496 7.916365
1.041383 7.738329
0.997625 7.632797
0.480735 6.386199
0.758937 5.595685
0.720708 5.337639
0.666044 4.968978
0.394618 4.301514
0.274399 4.011579
0.450121 3.512263
0.359553 2.900929
0.234483 2.056710
0.179592 1.686338
0.139883 1.418162
0.000000 0.474446
0.548720 0.282648
0.736755 0.341097
1.123282 0.461244
1.514985 0.584762
2.369239 0.286071
2.729106 0.160258
2.970317 0.237277
3.685948 0.465776
3.998792 0.564338
4.648812 0.769127
5.608398 0.433645
5.867320 0.343113
6.848918 0.000000
7.049921 0.025357
7.175327 0.044615
7.777954 0.951555
8.082416 1.409763
8.089644 2.277484
8.092016 2.558716
7.611076 2.908631
7.083400 3.164204
6.940898 3.233223
6.704295 3.865789
6.134324 4.065056
5.488350 4.290895
5.270715 4.866915
