7.513551 5.964670
8.435903 5.525570
8.609230 5.443031
8.690611 4.536219
8.691583 4.525384
8.702418 4.404655
8.773936 3.607737
8.719615 3.532880
8.494395 3.222610
7.966812 2.644018
7.828468 2.492257
7.179919 2.442231
6.810638 1.933417
6.427087 1.404982
5.802903 1.359735
5.638657 1.349375
5.177577 1.317323
4.747925 1.152868
4.100283 0.260584
3.774569 0.236974
3.313944 0.207917
2.716014 0.170200
1.998253 0.124925
1.747999 0.030621
1.666741 0.000000
1.473937 0.091817
0.576471 0.519128
0.530396 1.032529
0.494118 1.436775
0.440653 2.032529
0.411765 2.354422
0.350909 3.032529
0.329412 3.272069
0.261166 4.032529
0.247059 4.189716
0.171422 5.032529
0.164706 5.107363
0.089872 5.941231
0.082353 6.025010
0.081678 6.032529
0.000000 6.942657
0.068260 7.036723
0.351279 7.426616
0.820572 7.941284
0.942101 8.074563
1.598280 8.113772
2.000513 8.142929
3.034927 7.298990
3.137879 7.215230
3.288787 7.222378
4.204825 7.268825
4.835623 6.755557
5.345451 6.340766
6.092767 6.376161
6.414659 6.392482
6.595774 6.401665
7.513551 5.964670
