30.407717 1.921336
35.426610 2.374495
38.240624 5.072208
41.712193 9.408700
45.041624 14.903261
48.660965 18.091763
56.627115 15.807835
57.679647 9.966554
61.616304 13.129897
64.743250 17.992307
68.104955 20.854254
72.274805 22.008047
71.814160 26.976580
67.556603 26.978069
62.854155 27.808491
55.433336 29.001971
51.472712 29.026899
47.891090 24.985484
40.569225 20.028646
32.854209 16.976256
25.214929 13.975080
17.956302 13.146322
11.523431 10.748003
6.423069 3.976228
0.000000 5.427606
2.065766 0.000000
11.118244 2.116282
18.041894 0.997334
24.787200 0.994681
