5.975390 6.859271
6.464591 7.098570
6.989984 7.355572
7.672597 7.182281
8.464388 6.981273
8.753033 7.122467
9.478982 7.477574
10.202906 7.839536
10.478982 7.977574
10.821547 7.890611
11.524999 7.712032
11.938796 7.606985
12.183404 7.167791
12.432137 6.731158
12.057064 5.729254
11.926808 5.377998
11.610733 5.219960
10.926808 4.877998
10.242883 4.536035
9.926808 4.377998
9.611621 4.216956
8.921795 3.864495
8.631999 3.083005
8.415807 2.500000
7.899735 2.241964
7.415807 2.000000
6.931879 1.758036
6.415807 1.500000
5.899735 1.241964
5.415807 1.000000
4.931879 0.758036
4.415807 0.500000
3.899735 0.241964
3.415807 0.000000
2.719066 0.176875
1.955992 0.370589
1.880510 0.506118
1.466994 1.248587
1.435966 1.304300
1.125674 1.861430
0.991421 2.102481
0.997900 2.136704
0.961588 2.156046
0.488998 3.004583
0.102332 3.698842
0.000000 3.882581
0.082839 4.105970
0.299496 4.703210
0.395649 5.193022
0.428987 5.362845
0.628541 5.593540
1.206714 6.261937
1.888055 7.049602
2.011988 7.111568
2.879578 6.891318
3.486392 6.737269
4.176150 7.074672
4.500986 7.233570
5.276087 7.036800
5.975390 6.859271
