3.056654 6.921703
2.939960 6.861760
2.851821 6.392978
2.710882 5.643253
2.523236 5.544821
1.968379 5.262859
1.523635 5.035623
1.072699 4.807701
0.524660 4.533681
0.425973 4.280692
0.259557 3.854077
0.000000 3.174146
0.320299 2.567002
0.467177 2.288584
1.518095 2.012440
1.919409 1.906521
2.356511 1.089285
2.448749 1.041652
2.471772 0.994747
2.604919 0.000000
4.692797 1.045090
6.791620 2.098745
6.831724 2.118852
6.863243 2.134687
6.871440 2.201271
7.091935 3.373633
7.376779 3.520727
7.760031 3.714469
7.963923 4.798668
8.025644 4.871571
8.148592 5.018508
8.054415 5.279767
8.223281 6.177608
8.295652 6.562397
8.455620 7.412930
8.973908 7.680575
9.241311 8.378756
9.352404 8.969499
9.291518 9.095946
8.918081 9.871489
8.582809 10.044647
7.821088 10.438038
7.394926 10.658155
6.737692 10.997651
6.121679 10.689645
5.969718 10.613664
5.121679 10.189645
4.737692 9.997651
4.534746 8.918078
4.508896 8.780562
4.348471 8.696409
3.838685 8.428997
3.756539 7.992013
3.609889 7.211907
3.056654 6.921703
