5.012304 5.247703
5.074285 4.473052
5.081259 4.385894
5.116035 3.951241
5.013538 3.601459
4.956581 3.407081
4.757139 2.726460
4.512353 2.290680
4.465702 2.207630
3.868266 1.144047
3.882125 0.950885
3.949650 0.106938
3.951080 0.089076
3.958207 0.000000
3.848503 0.091122
3.609204 0.289890
2.787120 0.972732
2.410249 1.285770
2.355838 1.954187
2.045555 2.477659
1.815462 3.229644
1.707325 3.583058
1.641552 3.789072
1.209562 3.888029
0.762842 4.877565
0.506512 5.445366
0.000000 6.444308
0.043671 6.594669
0.092669 6.771121
0.843234 9.324891
1.245871 10.700984
1.828611 12.694101
1.983162 13.220788
2.453531 14.832992
3.327067 15.702564
3.738331 15.766869
4.736126 15.922883
5.057583 15.779142
5.707278 15.041166
6.252987 14.421315
6.519397 14.118706
6.850104 13.743063
7.300536 13.536421
7.851949 13.287901
7.701831 12.775604
7.530242 12.190032
7.495040 12.069900
7.431693 11.853722
7.288248 11.364197
7.208534 11.092163
6.929412 10.139625
6.844152 9.987840
6.845481 9.969311
6.852779 9.878102
6.667873 9.247086
6.565119 8.896426
6.273864 7.902482
6.254290 7.835679
6.243411 7.798557
6.047498 7.129976
5.921704 6.700688
5.529280 6.465051
4.993408 5.511066
5.012304 5.247703
