8.673766 0.311455
9.171344 0.603062
9.352955 0.895113
9.651605 1.375374
9.974804 1.895113
9.903912 2.374930
9.588351 3.148791
9.389581 3.636310
9.126568 4.281331
8.572014 4.625413
8.226217 4.727163
7.716615 5.640836
6.085564 5.274779
3.519695 4.790450
1.189999 4.350701
0.000000 4.126080
1.436377 3.168389
1.463082 3.152058
2.268403 2.659587
2.302066 2.632499
3.090613 2.149639
3.866476 1.674547
3.943456 1.627408
4.712460 1.156515
4.796299 1.105178
5.558443 0.638484
5.649142 0.582947
6.404426 0.120454
6.501984 0.060716
6.601136 0.000000
7.686819 0.078702
8.359742 0.127419
8.673766 0.311455
