32.282773 51.767604
35.609730 46.262222
42.611840 46.103797
47.720117 42.207059
49.720079 34.207059
51.697071 26.298023
46.934392 20.465785
41.411779 15.162088
36.865563 9.526219
32.330515 4.141903
27.127177 0.000000
16.847011 0.326399
9.992752 1.590322
8.861549 10.900142
7.349429 16.907381
1.732018 22.805267
0.000000 30.614309
2.564693 36.088048
3.645970 43.778523
10.223782 43.380164
18.305214 44.940708
24.345060 52.718145
28.211583 58.099605
26.428631 69.385422
32.679907 73.290723
32.996327 63.749109
