3.455221 3.512369
3.192753 2.415929
3.025726 1.718034
2.901616 1.199458
2.643317 0.120693
2.614421 0.000000
2.051911 0.407574
1.513022 0.798037
1.475621 0.825139
0.410927 1.596594
0.284932 1.906615
0.000000 2.607718
0.193598 3.416402
0.173430 3.779855
0.333840 4.002212
0.580851 5.034315
0.762680 5.793717
1.155877 6.022155
1.753793 5.963807
2.293292 5.916027
3.283660 5.821930
2.662403 6.378291
3.416236 6.022833
3.618324 5.920546
4.563491 5.413896
4.475100 5.044703
4.432835 4.868211
4.007523 4.283657
3.556247 3.652513
3.483709 3.629600
3.455221 3.512369
