3.397258 4.585425
3.314418 4.750215
3.168674 4.752982
2.322994 5.372928
1.637844 5.372928
1.322994 5.372928
0.488525 4.761197
0.332989 4.582290
0.332989 4.334850
0.000000 3.439790
0.332989 3.195682
0.338920 2.756779
0.341545 2.454529
0.340727 2.288038
0.337931 1.719000
1.136550 1.140831
1.206476 0.999146
1.326340 0.759460
1.665702 0.752933
2.322994 0.000000
2.953059 0.000000
3.321797 0.270277
3.980286 0.752933
4.319648 0.759460
5.007300 0.772685
5.322416 1.003652
5.503317 1.136286
5.318645 1.632546
4.767539 1.654638
5.310670 2.279376
5.311514 2.449448
5.308940 2.748741
4.960210 3.439790
4.312999 3.914247
3.397258 4.585425
