0.372811 1.819593
0.000000 2.751913
0.044657 2.965965
0.109223 3.243470
0.273060 3.980821
0.352069 4.359529
1.312167 4.767398
0.950733 4.990359
0.895071 5.665616
0.836580 6.375203
0.831310 6.444717
1.995804 6.785072
2.408896 6.179623
2.844782 5.540767
2.814067 5.391775
3.195699 5.035131
3.751599 4.515653
3.859822 4.498172
4.177780 4.444079
4.563973 4.213245
4.793831 4.073368
5.687376 3.547752
5.786812 3.454822
5.817576 3.426072
6.720880 2.581876
7.038579 2.284966
7.507056 1.113315
6.616918 0.664086
6.258799 0.515184
6.217190 0.497885
5.019444 0.000000
4.610830 0.066890
4.213904 0.297256
3.982558 0.431499
3.573782 0.663302
2.837404 0.357200
1.953739 0.501856
1.746384 0.535800
1.592949 0.679202
0.811793 1.409224
0.372811 1.819593
