5.144037 2.933704
5.766278 3.057606
6.155238 3.135037
6.622880 2.818465
7.037977 2.113260
6.671003 1.586173
6.051855 0.697068
5.916121 0.668422
5.707771 0.624451
4.916122 0.457377
4.440271 0.356951
3.916122 0.246331
3.172771 0.089451
2.916122 0.035286
2.748923 0.000000
2.605565 0.243497
2.113114 1.079931
1.531322 0.969761
1.060431 1.291145
0.643762 1.998944
0.194126 2.762632
0.000000 3.092382
0.551279 3.884185
0.982250 4.515068
1.377155 4.597408
1.982519 4.723630
2.377955 4.806081
3.250002 4.987909
3.378755 5.014755
3.462748 5.032267
3.535900 4.908017
4.743667 4.090891
4.866991 3.729889
5.144037 2.933704
