35.334342 0.000000
31.406889 4.442482
30.615898 10.497801
28.450245 16.452282
24.283675 18.405028
18.743881 20.660520
14.736673 22.462082
8.647618 22.454472
5.317847 26.352383
8.623553 31.623481
9.918528 36.028912
8.432762 40.382147
5.254665 43.392123
0.000000 45.715413
2.108190 52.442482
6.087049 55.628608
10.044366 51.429456
15.783201 47.433648
21.272373 45.222588
21.102402 39.447384
20.307964 32.442482
21.272373 26.222584
27.385816 21.489598
35.818578 20.426764
40.209241 18.442482
37.709709 13.256162
35.802062 6.442482
