26.557174 22.209251
23.996062 25.095342
18.370414 29.620833
12.069655 31.476589
7.636517 32.755376
2.446443 34.653251
0.719225 40.789100
0.000000 44.892783
5.399355 44.355951
10.664356 43.241027
16.481228 47.994068
20.499600 43.180651
23.433056 37.313850
23.154782 33.022344
22.777329 28.787778
28.205371 25.533368
29.889280 20.385294
34.601769 17.221736
38.952460 13.655234
40.407385 10.102173
42.088705 4.475332
42.125427 0.000000
37.762533 1.993971
32.540679 3.534366
31.778946 7.924317
30.453358 14.395118
