3.815276 5.768925
3.636768 5.642698
3.531683 5.595237
1.808594 4.637953
0.749447 4.444367
0.630140 3.463385
0.000000 2.240976
7.968803 0.164952
9.906769 0.000000
10.367435 1.005926
10.392081 1.255072
10.392081 1.412207
10.394066 1.538465
10.392081 2.669286
10.392081 2.669286
10.392081 4.083499
10.392081 4.083499
10.392081 4.083499
9.894645 4.787124
9.402083 5.483854
9.402034 5.490817
9.392380 5.497645
8.407081 6.194424
7.412083 6.898060
7.412078 6.898063
6.412081 6.898063
6.412078 6.898063
6.412073 6.898060
5.419580 6.196159
4.910834 6.192676
3.815276 5.768925
