0.856483 2.450694
0.209979 3.480672
0.245102 4.200057
0.258330 4.489784
0.000000 4.901328
0.103378 5.509433
0.249103 6.366641
0.272090 6.510697
0.385043 7.218544
0.432325 7.514852
1.852125 8.415204
1.857924 8.415638
2.546016 7.965358
3.014904 7.658521
3.238703 7.513868
3.568658 7.300602
4.245038 7.257594
5.127521 7.816996
5.672190 8.163836
6.122663 8.138331
6.771524 7.104421
6.776394 7.096661
6.785978 7.081394
7.435611 6.046539
7.768328 5.516526
7.691226 5.020783
7.576443 4.337126
7.523308 4.020649
7.456955 3.625450
7.590842 3.174708
7.571087 2.912114
7.523643 2.616381
7.844209 1.860973
7.530733 1.150374
7.605511 0.446826
6.195335 0.876633
4.803604 0.666425
3.720653 0.546616
2.945236 0.460831
2.505683 0.412203
2.154515 0.763687
2.094065 0.824192
2.025671 0.765101
1.609912 0.405889
1.712956 0.000000
1.478404 0.373711
1.018084 1.106994
0.822008 1.419362
0.867439 2.419343
0.867989 2.432361
0.856483 2.450694
