1.718074 5.701242
1.904107 5.884717
3.099214 6.089816
3.099339 6.089838
3.099464 6.089860
4.294564 6.294968
4.089456 5.099868
4.089486 5.099692
4.589438 4.599740
4.382349 3.392761
4.382327 3.392636
4.382380 3.392582
4.881312 2.886688
4.675243 1.685655
4.675221 1.685530
4.675273 1.685475
4.676792 1.676496
4.775188 1.094840
4.960396 0.000000
4.131855 0.142155
3.286749 0.287152
3.286749 0.287152
3.286749 0.287152
2.786749 0.787152
2.286749 1.287152
2.286749 1.287152
2.286749 1.287152
1.786749 1.787152
1.286749 2.287152
1.286749 2.287152
1.286749 2.287152
0.786749 2.787152
0.286749 3.287152
0.286749 3.287152
0.286749 3.287152
0.141927 4.132226
0.000000 4.960396
0.014145 4.974541
1.191176 5.176574
1.544670 5.530224
1.718074 5.701242
