1.715092 0.450765
1.444266 0.595729
0.709161 0.989203
0.347583 1.058001
0.197277 1.263196
0.142821 2.583159
0.142064 2.601515
0.135418 2.762590
0.000000 3.910218
0.081413 4.071671
0.929279 4.798592
1.523109 5.307714
1.868174 5.603556
2.174524 5.634982
2.899087 5.709307
3.466569 5.767521
3.930000 5.815061
4.482215 5.519479
5.040466 5.220665
6.016066 4.698461
6.153981 4.624640
6.946960 4.700666
7.195850 4.724528
8.281283 4.143534
8.302363 4.132250
8.359967 4.101417
9.419831 3.534109
9.812945 3.323688
10.471561 3.542945
10.765653 3.302227
11.611041 2.610265
11.349287 2.091171
10.786706 0.975479
10.287527 0.792983
9.861450 0.749277
9.773616 0.740267
8.996092 0.660508
8.742703 0.634515
8.131456 0.571812
7.711791 0.528762
7.264187 0.481338
6.679385 0.421730
6.222215 0.029774
5.673841 0.123090
5.464953 0.158637
4.952975 0.245760
4.672911 0.217030
4.619052 0.211505
3.808274 0.128335
3.588139 0.105753
3.259186 0.072007
2.557227 0.000000
1.715092 0.450765
