2.602646 0.290478
1.924866 0.000000
1.487911 0.357936
0.985207 0.766356
0.291941 1.329588
0.034649 1.538622
0.027598 1.776461
0.000000 2.707447
0.276972 3.196805
0.880156 4.262530
0.896005 4.290532
0.933978 4.357622
1.510866 5.376886
1.751645 5.802302
2.308333 6.047843
2.870062 6.281624
3.229998 6.435883
4.461446 5.882090
4.551300 5.841682
4.842728 5.161684
4.979872 4.841682
5.145017 4.465730
5.409464 3.842119
5.443210 3.762536
5.522726 3.575024
5.742729 3.061685
5.837016 2.841682
6.042730 2.361685
5.589263 1.560493
5.435720 1.289209
5.272280 1.219163
4.516575 0.895289
4.353135 0.825243
3.597430 0.501369
3.292925 0.577819
2.602646 0.290478
