5.304065 4.204740
5.146904 5.276492
5.989462 5.008051
6.029337 5.054787
6.044023 5.071999
6.036004 5.126659
5.992923 5.144599
5.112470 5.511262
5.039986 5.453198
4.149108 5.790878
3.287946 6.138462
3.190043 6.109165
3.134059 6.199622
3.136630 6.361342
3.144983 7.114455
3.147660 7.355757
2.817358 7.897324
2.218678 8.124740
1.882473 8.252511
1.302563 8.077418
1.029186 7.759594
0.561804 7.216223
0.617765 6.834794
0.739577 6.004217
0.344740 5.534903
0.000000 5.134113
0.161924 4.030433
0.177398 3.924928
0.187089 3.858840
0.239653 3.900960
1.142659 3.558682
2.015549 3.206365
2.098201 3.231099
2.145908 3.212558
2.080350 3.180226
2.037113 3.066987
1.824950 2.501976
1.699391 2.167596
1.411255 1.420878
1.313521 1.167596
1.526565 0.635088
1.913901 0.000000
2.678333 0.230749
3.016183 0.393717
3.141446 0.454161
3.393703 1.084231
4.000943 0.858764
4.340503 0.732686
4.920411 0.907780
4.776991 1.885794
4.742167 2.123334
4.779182 2.166585
4.968772 2.388113
5.341343 2.824784
5.482214 2.989891
5.404768 3.518018
5.304065 4.204740
