10.469167 9.188295
3.118582 4.896493
6.576540 0.000000
10.984657 2.737953
16.195879 7.413118
19.997421 12.531370
25.200379 14.470443
26.927372 20.459909
26.587142 28.320364
29.457338 32.378168
33.687791 36.336365
40.335765 35.639067
45.575246 33.008228
45.182414 38.936398
39.942109 44.915582
34.805295 49.233392
30.526661 52.549505
27.100210 57.727873
21.911029 52.989447
22.905897 45.524545
18.519292 44.208251
6.254784 38.707756
0.000000 30.169735
7.808122 29.165295
13.750213 25.685509
14.369529 17.416425
14.219366 11.123257
