9.918941 1.441072
10.495986 1.392242
11.071821 1.342550
11.498386 1.307416
12.387792 1.917170
12.444912 1.955926
12.517865 2.006345
13.393548 2.601888
14.070122 3.070533
14.241061 3.186504
14.250489 3.357437
14.310295 4.441726
14.341900 5.014679
13.987243 5.450597
13.796296 5.687862
13.845392 6.577957
12.736034 7.012023
12.710136 7.022156
12.686455 7.031421
11.574874 7.466355
11.110395 7.147920
10.717195 6.880858
10.237256 6.847781
9.901430 6.820544
8.718537 6.724607
8.576993 6.628569
8.398260 6.507299
7.627132 5.984087
7.016448 5.569737
6.518155 5.531826
5.360084 5.443715
5.122692 5.425653
5.020547 5.417882
4.143502 4.816602
3.338218 4.264519
3.247960 4.202641
3.243061 4.113685
3.210653 4.062315
2.840647 3.475814
2.603988 3.092490
2.000374 2.142882
2.016886 2.088949
2.071063 1.926418
1.843741 2.035498
1.171825 2.357594
0.789388 2.541184
0.233324 2.372448
0.156252 2.251199
0.000000 2.000000
0.158714 1.523854
0.333332 1.000000
0.408714 0.773853
0.634861 0.095410
0.658713 0.023852
0.666664 0.000000
0.711044 0.003376
0.817693 0.011491
2.106505 0.109551
2.458143 0.740560
2.700480 1.170983
3.637274 0.815001
4.617163 0.431568
4.762184 0.374817
4.768790 0.477665
5.026504 0.553425
5.770986 1.058558
6.355515 1.455125
6.755599 1.483135
6.903742 1.493508
7.731229 1.169756
8.619204 0.822239
8.870982 0.898136
9.312171 1.032681
9.918941 1.441072
