18.542334 14.641889
14.352348 7.035805
10.575032 0.861977
4.722659 0.000000
0.824226 6.130255
0.000000 10.536619
4.648543 16.088215
11.300314 18.627151
19.690011 19.362433
23.860369 24.290897
25.471459 29.765393
22.313169 34.514143
17.118757 36.910183
11.516605 37.331027
6.580891 37.866312
9.174604 42.575139
15.620762 45.021058
21.076991 48.548940
24.115933 54.917699
26.343010 59.489387
26.692686 50.126424
30.613153 45.247227
34.102243 40.470990
37.429096 35.852655
40.883887 32.216078
35.804593 26.867999
33.435622 20.634461
27.184494 19.506438
