8.670521 0.477711
8.816177 0.528785
8.906733 0.560970
10.094835 0.356619
10.262860 0.592762
10.683205 1.192427
11.262167 2.009421
11.300573 2.203005
11.016818 2.940200
10.886853 3.433258
10.870292 3.497459
10.847049 3.581148
10.677796 4.190548
9.853357 4.332429
9.258107 4.434867
9.107069 4.978690
8.972765 5.094631
8.901377 5.156280
7.645924 5.372271
7.556410 5.387671
6.212109 5.618999
6.191018 5.622628
5.778090 5.693686
4.861215 5.887765
4.781441 5.904986
4.126907 6.041276
3.520389 6.167568
3.332846 6.208195
2.610260 5.637801
2.206406 5.315577
1.756703 4.954057
1.070155 4.407897
0.905149 4.276591
0.404902 3.878508
0.037861 3.491938
0.000000 3.297110
0.258961 2.293177
0.609901 1.988406
1.738607 1.794169
1.810211 1.541347
2.835312 1.425750
3.215616 1.382862
4.453198 1.250080
4.616492 1.231781
4.658953 1.291836
4.688752 1.333973
5.083941 1.875210
5.344809 1.205143
6.042745 1.051577
6.047321 1.050550
6.992044 0.230215
7.651869 0.116698
8.330551 0.000000
8.670521 0.477711
