3.550365 1.709711
2.531841 0.861694
2.416710 0.765831
1.496952 0.000000
1.115187 0.845632
0.997721 1.122596
0.760927 1.655060
0.662513 1.876359
0.558770 2.109642
0.402113 3.081976
0.349757 3.406938
0.199873 4.337254
0.079827 5.082332
0.000000 5.577788
0.305542 5.866216
0.741313 6.265514
1.327064 6.802241
1.554419 7.013729
2.710255 6.731716
2.785005 6.713478
2.793409 6.704406
2.825359 6.669919
3.366813 6.085453
3.509249 5.931703
3.711183 4.678356
3.711205 4.678221
3.711268 4.677829
3.911170 3.437086
3.642833 3.183780
3.392098 2.945389
3.586360 1.739681
3.550365 1.709711
