5.175851 2.523412
5.008775 1.781092
5.070037 1.152122
4.812223 0.907829
4.639605 0.140900
3.899619 0.053715
3.443718 0.000000
3.239898 0.222770
2.963296 0.525088
2.719798 0.798695
2.244318 1.325209
2.021550 1.568654
1.821560 1.793344
1.243026 2.443330
1.075237 2.629392
0.923928 2.797181
0.600121 3.151042
0.243026 3.552241
0.187375 3.949807
0.000000 5.288376
0.613068 5.841131
0.598475 5.994272
0.585558 6.129820
1.195020 6.692522
1.320404 6.808286
1.935305 7.361434
2.145326 7.386179
2.393621 7.415433
3.359432 7.529224
4.176364 7.625474
4.573548 7.672270
5.023556 7.725290
5.774035 7.813711
6.037964 7.521037
6.481362 7.029348
6.722392 6.762067
6.939750 6.521037
7.038158 5.532424
6.932862 5.064601
6.789548 4.934639
6.188389 4.389497
6.081115 3.912893
5.920723 3.200286
5.404198 2.731888
5.175851 2.523412
