1.051685 5.901310
1.928344 6.641089
2.145671 7.080248
2.501256 7.124519
3.264603 7.219557
3.906389 7.957449
4.523922 7.901028
4.944560 7.427752
5.021637 6.897567
4.534626 6.700388
4.975538 6.517888
5.096218 6.382121
5.514836 5.911163
5.944541 5.427750
5.958325 5.330629
6.020801 4.890928
5.973939 4.519661
6.092486 4.386296
6.113318 4.239507
6.243027 3.341744
6.962838 2.531968
6.939428 2.368275
6.880905 1.959042
6.785408 1.291265
6.658078 0.400891
5.953277 0.134408
5.342064 0.013403
5.274304 0.000000
5.247234 0.051676
4.926530 0.663882
4.123778 0.505095
3.470482 0.375870
3.209486 0.874096
3.122708 1.039752
2.905492 0.996786
1.666659 0.751740
1.606971 0.871118
1.333327 1.418408
1.196506 1.692052
0.999995 2.085076
0.696510 2.692052
0.666664 2.751745
0.606971 2.871130
0.333332 3.418413
0.196513 3.692052
0.000000 4.085081
0.335514 4.762874
0.788138 5.677249
1.051685 5.901310
