14.660252 65.954096
14.176940 61.328036
10.520416 57.468107
8.494357 50.606743
3.820640 45.856552
5.275212 38.989425
0.000000 34.283468
4.252584 27.028412
5.753980 20.165400
9.351029 12.956447
7.697415 8.520924
2.649638 5.296499
7.281969 0.000000
13.315738 1.538813
15.832134 6.341958
13.864799 12.095874
14.554197 21.375974
16.824671 27.104848
22.493023 32.058234
28.446996 35.796892
22.446893 41.146518
18.394679 46.779186
16.395382 52.694004
18.696559 57.927820
21.282264 64.022172
21.827158 70.721759
17.050771 74.755077
13.115070 77.921830
5.214388 80.243599
6.670104 76.259627
12.303782 73.103586
