0.163996 3.189576
0.000000 2.973425
0.159899 2.800907
0.160346 1.970879
0.272260 1.860724
1.161839 0.984959
1.387098 0.763198
2.162334 0.000000
2.750541 0.006105
3.186604 0.580818
3.509141 1.005942
4.213491 1.024725
4.365250 1.028051
4.787151 1.584162
5.119283 2.021933
5.063442 2.842774
5.251263 2.814773
5.557009 3.034050
6.279259 3.560813
6.967204 4.050920
7.008202 4.337496
7.111223 5.057604
6.307353 5.755902
5.713420 5.614889
5.283706 5.512865
4.626955 5.363905
4.594331 5.356505
4.252529 5.276204
3.413622 6.004717
3.246704 6.002985
2.608238 5.996359
2.297214 5.922514
2.224589 5.905271
1.530034 4.989827
1.199466 4.554136
0.763441 3.979537
0.163996 3.189576
