16.025048 15.456364
21.884234 9.106541
26.534975 3.367292
31.816279 0.000000
35.476038 6.219510
36.977401 13.476928
36.944949 20.662160
30.716081 21.408985
23.570520 20.412244
18.850458 18.752761
16.443007 21.633984
16.443726 27.890667
16.957270 33.714003
17.759408 39.333189
16.917192 44.955826
14.827567 50.077544
14.399954 55.459600
14.331312 61.546190
9.934364 65.614694
5.086925 61.273533
4.440674 53.441853
0.000000 51.455771
1.799262 45.801077
5.717731 39.292128
9.507283 34.109798
10.106518 27.397205
10.884777 20.752626
