0.204234 2.909172
0.000000 3.342241
0.301863 3.955811
0.343468 4.040378
0.383759 4.122274
0.835447 5.040378
1.301863 5.988420
1.336483 6.013066
1.358222 6.028541
2.518259 6.185194
2.768353 6.674042
2.863229 6.857463
3.327947 6.920253
4.053467 7.018247
4.351701 6.847576
4.938192 6.511942
5.148757 6.392439
5.381668 6.260252
5.825500 6.005961
6.919254 6.153600
6.993566 6.078945
7.468226 5.602089
7.922163 5.663375
8.563041 5.299650
8.811040 5.157631
9.547006 5.256933
10.022589 5.321130
10.552170 5.392614
10.982264 4.960529
11.101162 4.841081
12.120586 4.978709
12.534710 4.110835
12.468940 3.414663
12.272635 3.024744
12.079357 2.636388
11.533374 2.119027
11.135483 1.741950
10.472795 1.652429
10.341199 1.393819
9.816234 1.163788
9.072220 0.837493
8.940629 0.819706
8.886980 0.849899
8.043851 1.324545
7.585340 1.262642
6.829367 1.160578
6.487899 0.489547
6.487497 0.488757
6.485480 0.488484
5.285134 0.326360
4.211176 0.181366
4.070650 0.162394
3.913580 0.141180
2.868272 0.000000
2.463002 0.859146
2.318249 1.166019
1.765890 2.310537
1.737495 2.321904
1.693581 2.338425
0.543783 2.189036
0.204234 2.909172
