32.387181 32.506996
33.743913 36.463563
28.671375 39.399093
21.963431 36.203635
20.346577 31.520374
15.147474 29.925319
10.425091 31.568031
7.142761 33.527221
3.272663 35.731471
0.000000 31.958348
4.581304 30.404329
8.827206 29.044453
13.280515 27.560777
16.830411 25.441880
18.147367 18.762848
16.743384 13.212468
14.059750 8.391384
19.524513 6.216837
23.904434 3.602573
28.150336 2.242697
31.907640 0.000000
36.482426 0.769716
34.961529 4.019734
27.507178 6.117364
27.122757 11.009597
27.445079 16.046708
25.257633 20.365718
24.000883 24.660591
26.287178 29.880659
