1.792520 3.725960
2.051798 3.098173
2.261093 2.591408
2.567448 2.562288
3.039872 2.517385
3.365134 1.729827
3.713572 1.366254
4.282645 1.320261
4.781997 1.272798
5.061421 1.246238
5.253616 0.780877
5.531702 0.107413
5.929111 0.073750
6.799778 0.000000
6.973228 0.236855
7.564061 1.043969
7.968368 1.013910
8.226806 1.285677
8.940504 2.036494
8.883582 2.846546
9.093641 3.133398
9.826531 4.134223
9.823663 4.173747
9.821001 4.212913
9.745079 5.293369
9.668495 6.383255
9.688678 6.410817
9.772356 6.525086
10.447112 7.446444
9.554663 8.572936
9.509466 8.629988
9.499272 8.642854
9.484050 8.631959
8.897666 8.221566
8.642238 8.485100
8.425822 8.710079
7.569520 9.600265
7.299156 9.735530
7.094877 9.699232
6.251773 9.545198
5.216013 10.063211
5.157740 10.067696
5.130646 10.069503
5.058318 10.075349
4.356444 10.132076
4.093239 10.153349
3.582242 10.194649
3.028709 10.239387
2.716068 9.912731
2.059619 9.223277
1.743383 9.246590
0.985657 9.297133
0.947583 9.257173
0.024720 8.288807
0.049509 7.947339
0.105613 7.174509
0.163232 6.380818
0.000000 6.254650
0.076132 6.070288
0.212732 5.739500
0.545176 4.934534
0.735210 4.474402
1.097773 4.094708
1.415570 3.761789
1.792520 3.725960
