22.913296 4.182335
32.430070 0.000000
40.477610 3.555456
44.541132 6.813622
49.768789 8.514968
55.671436 12.057780
53.676448 19.499870
57.888650 23.560228
62.502656 26.480929
68.657062 28.035745
70.078539 32.320448
63.058662 31.449657
54.552347 29.606066
47.347308 29.744488
41.036248 30.865132
38.128313 36.418985
34.277150 43.009568
28.597934 37.703942
26.044355 31.171901
23.542036 25.198583
20.780595 18.218143
13.489971 14.347736
1.632287 11.190895
0.000000 5.136538
6.582979 8.840296
13.592354 8.364452
