1.205298 3.532896
1.531946 3.243758
1.821084 2.987822
2.062403 2.774215
2.335028 2.532896
2.592859 2.304672
2.821084 2.102655
3.123316 1.835128
3.464757 1.532896
3.938637 1.433994
4.876267 1.233060
5.276974 1.147942
5.382807 1.041357
6.227477 0.190696
6.416829 0.000000
6.599578 0.114419
7.055467 0.391694
7.535069 0.683392
7.928350 0.601311
8.909309 0.836882
9.152067 1.098987
9.521761 1.504547
9.610854 1.602284
9.970289 1.688599
9.665786 1.995261
9.026075 2.639511
8.620022 3.048447
8.074646 3.597687
7.497253 3.459029
7.095954 3.801948
6.952685 3.925186
6.830553 4.033293
6.422228 4.394729
5.960931 4.803054
5.891772 4.864272
5.830553 4.918461
5.361315 5.333815
4.831202 5.803054
4.830858 5.803358
4.830551 5.803638
4.302050 6.284995
4.435516 7.262635
4.337893 7.623196
3.938451 7.976768
3.487190 8.376210
3.407994 8.446311
3.338546 8.509566
2.878424 8.922359
1.971280 8.698223
1.672213 8.626404
1.516343 8.455856
0.973250 7.861623
0.813918 6.694501
0.823366 6.657964
0.773765 6.667446
0.159988 6.259605
0.106134 5.865112
0.000000 5.087679
0.075568 4.532896
0.466826 4.181834
0.821084 3.872990
1.001489 3.713301
1.205298 3.532896
