10.715949 2.970315
10.928479 2.845386
10.694001 2.652252
9.994819 2.071611
9.085075 1.312436
10.054752 1.530948
10.400967 1.607909
11.056280 1.770493
12.099225 0.860301
12.170098 0.798451
12.316798 0.764516
12.990221 0.522589
10.787932 0.311708
9.130280 0.000000
9.049751 1.287538
8.957028 1.281163
8.153536 1.231172
8.036306 1.222951
7.522569 1.524935
6.977457 1.620247
6.736861 1.986788
5.858057 2.503365
5.231619 2.871599
4.721364 3.645015
3.883057 3.800272
3.670410 3.838485
3.001631 4.852186
2.519842 5.135392
1.916597 5.094854
1.797975 5.087345
1.494837 5.068157
0.706993 5.531266
0.739280 5.971243
0.376480 6.038652
0.137042 6.406223
0.000000 6.616604
0.081662 7.729420
0.181144 7.898963
0.331790 7.934943
1.182389 8.145978
1.661756 8.264909
2.024061 7.419710
2.143432 7.141236
2.301291 7.179183
2.780202 7.291360
3.305789 7.413667
3.999748 7.587983
4.332215 7.392553
5.196230 6.884668
5.421048 6.688467
5.498806 6.706808
6.507905 6.113641
7.001860 5.823286
7.553285 5.948441
8.256906 5.334380
8.668566 4.975120
8.684868 4.833977
9.130346 4.572118
9.574238 4.184727
9.787631 3.998495
9.847418 3.480853
10.715949 2.970315
