0.209689 2.590805
0.175077 2.312673
0.034386 1.183573
0.000000 0.907432
0.836890 0.392116
1.153053 0.305648
2.014387 0.805379
2.869659 1.301592
3.002747 1.265192
3.199187 1.211468
4.385039 0.887145
5.413979 0.605732
5.885568 0.476754
6.676393 0.935576
7.602174 1.472698
7.445828 0.179713
7.438280 0.117286
7.430649 0.054184
7.628768 0.000000
7.647634 0.182512
7.776172 1.424285
7.792750 1.584686
7.921926 2.836300
7.934715 2.960244
7.853429 2.958991
7.797956 2.958553
7.011399 3.725418
6.403733 4.323537
6.183832 4.541231
5.736455 4.967508
5.344249 5.352796
4.964332 5.400343
3.549374 5.577427
3.406623 5.493542
2.549374 4.989798
1.704869 4.493542
1.548632 4.402897
1.327794 4.271962
0.549374 3.814540
0.347187 3.695729
0.209689 2.590805
