20.266354 49.194886
19.151595 56.836548
13.533791 50.748342
12.769047 41.662700
13.141910 34.754242
17.397515 29.025716
13.067180 29.029661
10.186967 22.829440
8.272755 18.059698
6.465805 11.634880
2.408443 7.355365
0.000000 1.456147
4.922741 0.000000
8.830338 7.726243
13.301537 14.909777
19.107545 17.543188
26.155538 17.344732
32.061020 18.241748
40.821443 16.410106
46.519949 10.960236
52.207064 5.459692
58.279846 12.734705
54.852516 16.856183
47.236736 18.436644
42.613898 22.855704
36.803680 22.104228
27.403499 24.305869
21.627826 30.645658
20.043959 39.495531
