8.124551 4.972209
8.402877 3.824524
7.906369 3.977525
7.926252 3.521309
8.126196 2.831202
8.478447 1.285098
8.694663 0.336079
8.685340 0.250445
8.683577 0.183449
8.666958 0.099487
8.668764 0.000000
8.552488 0.068849
8.418771 0.224318
8.081308 0.846118
6.866807 3.083922
5.737530 2.832525
3.113238 2.248311
1.277170 2.498753
0.898550 2.628348
0.001597 3.556152
0.000000 3.593418
0.114726 4.241592
0.275356 5.149106
0.324195 5.219779
1.598095 5.000491
1.685402 5.078577
2.050905 5.417459
2.476228 6.019902
2.860135 6.162638
3.415400 6.672600
4.273652 7.475280
4.283889 7.479144
4.281839 7.483113
4.428715 8.312920
4.552050 9.044356
4.513644 9.202731
4.418973 9.592956
4.912107 9.577019
5.714885 9.551509
5.973186 9.068573
6.049433 8.922629
6.193642 8.656397
6.400784 8.273981
6.512986 8.066839
6.752135 7.625332
7.061799 7.073476
7.116149 6.974378
7.218096 6.788497
7.725587 6.341017
8.061801 5.230888
8.106830 5.045265
8.124551 4.972209
