5.794182 2.808362
5.144111 2.158296
4.802298 1.816484
4.152229 1.166415
3.857336 1.118345
3.122853 0.991685
2.967187 0.836045
2.131143 0.000000
1.707098 0.271414
1.092200 0.883701
0.577060 1.401452
0.051907 1.926604
0.027404 2.895218
0.025954 2.952558
0.021119 3.143687
0.000000 3.978512
0.185940 4.164451
0.990097 4.972771
0.973075 5.645658
1.321375 5.993930
1.973074 6.645684
2.316460 6.989038
2.963276 7.635795
3.264260 7.684848
3.984363 7.802207
4.124123 7.824984
4.869518 7.946465
4.937877 8.011867
5.002785 8.073967
5.923802 8.955144
6.003768 9.035109
6.923815 9.955144
7.003768 10.035096
7.030464 9.952446
7.006226 9.928208
6.030708 8.952685
6.042250 8.915970
6.364372 7.918701
6.523491 7.426080
6.701335 6.883088
7.069368 6.647510
7.089549 5.849761
7.094384 5.658632
7.115503 4.823807
6.929563 4.637868
6.125303 3.833611
6.135963 3.150087
5.794182 2.808362
