1.547628 0.107376
1.363756 0.000000
0.408913 0.259332
0.000000 0.370391
0.254763 1.026796
0.597044 1.908690
1.407527 2.400957
1.637116 2.432060
1.829932 2.459465
1.603721 2.521514
1.885702 3.248050
2.191937 4.037072
2.220716 4.066327
2.288467 4.135202
3.100851 4.961054
2.826647 5.672424
2.842281 5.712706
2.859261 5.756454
3.429952 7.226847
3.475761 7.345609
3.526587 7.475833
4.263294 8.224755
4.793974 8.764231
5.140561 9.116565
5.909492 9.898241
6.032962 9.971783
6.063882 9.990567
6.270371 9.908772
7.256772 9.518037
7.247068 9.196411
7.714228 8.864190
7.860393 8.758496
7.937550 8.705374
8.643311 8.798549
8.965673 8.841107
9.451166 8.905202
10.142524 8.996475
10.316924 8.927391
11.136976 8.602552
11.437207 8.389043
11.701203 8.201302
12.360338 7.732559
13.109942 7.199478
12.111971 7.183790
11.409104 7.172741
10.882978 7.164471
10.795786 6.971818
10.694718 6.752295
11.195750 6.381332
11.608266 6.081075
11.523638 5.897258
11.450916 5.739304
11.020845 5.732543
10.223188 5.720006
9.090576 5.702198
8.993978 5.700680
8.927404 5.699633
7.978141 5.138724
7.333967 4.750537
7.207418 4.475663
7.097432 4.236769
6.454436 4.226663
5.871983 4.217509
5.771828 3.999966
5.657718 3.752115
5.416533 3.228248
5.206918 2.772954
3.981468 2.753693
3.981468 2.753693
3.981468 2.753693
3.981468 2.753693
3.625648 1.980834
3.316404 1.309138
3.270080 1.207606
3.218576 1.094720
2.370729 0.593736
1.547628 0.107376
