8.182942 1.648464
8.717903 2.130290
9.118421 2.586179
9.063379 3.435406
9.053607 3.586179
9.002509 4.374537
8.990944 4.587447
8.951034 5.322133
9.273353 5.612436
9.281535 6.234499
9.286580 6.618301
8.855496 6.949678
8.541786 6.871732
7.856615 6.701493
6.885514 6.470450
6.847590 6.461096
6.507856 6.722255
5.844628 7.289314
5.785274 7.340342
5.711056 7.334764
4.775227 7.264434
4.506657 6.958733
3.839262 6.199069
3.294080 5.578517
2.894030 5.123161
2.643453 4.837943
1.949742 4.048327
1.954988 3.951758
1.314185 3.993429
0.929484 3.960800
0.217586 3.150483
0.000000 2.905771
0.043367 2.230008
0.064179 1.905723
0.103670 1.290366
0.128357 0.905675
0.815629 0.315372
0.827055 0.305647
1.186203 0.000000
1.463142 0.020813
2.129607 0.965406
2.211716 0.985656
2.685850 1.105511
3.147428 1.142416
3.233821 1.068176
4.216343 0.227725
4.414976 0.242653
5.226390 0.303634
5.619005 0.333140
6.236437 0.379542
6.823845 1.048160
7.172402 1.444906
8.038494 1.518363
8.182942 1.648464
