6.478426 3.644427
5.978426 3.394427
5.478426 3.144427
4.978426 2.894427
4.470589 2.634861
3.974664 2.380004
3.883218 2.154248
3.702035 1.697210
3.517230 1.229350
3.425640 1.000000
2.925640 0.750000
2.425640 0.500000
1.925640 0.250000
1.425640 0.000000
0.711744 0.194567
0.000000 0.382857
0.286811 1.101181
0.554621 1.767026
0.644307 1.993261
0.825490 2.450300
1.010370 2.916661
1.101885 3.147510
1.601885 3.397510
2.101885 3.647510
2.599670 3.901939
3.107407 4.161454
3.380125 4.849388
3.654671 5.541937
4.154671 5.791937
4.656059 6.045440
5.156829 6.304198
5.319661 7.215087
5.374125 7.519698
5.707458 7.686364
6.207458 7.936364
6.715295 8.195930
7.212980 8.450308
7.302666 8.676543
7.483849 9.133581
7.760244 9.830791
8.260244 10.080791
8.760244 10.330791
9.260244 10.580791
9.760244 10.830791
10.455479 10.641311
11.178518 10.444251
11.521883 9.776119
11.640203 9.545885
12.390705 9.345359
12.980703 9.370852
13.553160 9.395505
13.189047 8.951143
12.822914 8.504453
12.532481 7.777064
12.012377 7.515583
11.643085 7.065111
11.056354 7.037572
10.532481 6.777064
10.012377 6.515583
9.643085 6.065111
9.056354 6.037572
8.532481 5.777064
8.008327 5.510641
7.640139 5.061516
7.262666 4.601065
7.069942 4.125276
6.978426 3.894427
6.478426 3.644427
