1.602822 3.904913
1.159112 3.824686
0.710906 2.965965
0.582010 2.719063
0.244259 2.072095
0.000000 1.604209
0.037048 1.471673
0.274150 0.623458
1.115282 0.000000
1.905412 0.779069
2.038492 0.692941
2.514091 0.396144
3.034319 0.909129
3.238246 1.110217
3.933374 1.795665
4.489727 2.344270
4.832427 2.682200
5.076511 2.687293
5.855110 2.707312
6.277347 3.123639
6.873347 2.737913
6.879397 2.734138
7.773632 3.615921
8.124240 3.961609
8.670198 4.499948
9.366189 5.186227
8.489059 5.828862
8.226093 6.021575
7.356132 6.659127
6.734523 6.430288
6.382935 6.300964
6.049160 5.661653
5.464222 5.558803
4.657314 5.424941
4.463071 5.391902
3.464968 5.227137
3.463335 5.226535
2.651385 4.927583
2.490152 4.868270
2.026185 3.979353
1.602822 3.904913
