2.305532 3.872230
2.987949 4.575045
3.452614 5.053601
4.047197 5.018598
5.187559 4.951464
5.320768 4.943622
5.689295 4.921927
6.573605 4.869870
6.694719 4.775748
7.050098 4.497140
7.293285 3.952440
7.474119 3.559686
7.177363 3.254058
6.329231 2.380578
6.285060 2.335086
6.137213 2.182820
5.596353 1.351375
5.305282 0.903920
4.938274 0.346828
4.017750 0.000000
3.449206 0.033471
3.013299 0.374454
2.573357 0.715665
2.008880 0.748897
1.720343 1.377161
1.693339 1.398103
1.644156 1.400998
0.187216 1.078453
0.000000 1.497787
0.310977 1.818058
1.147092 2.679163
1.202041 2.735754
1.388041 2.927314
2.096298 3.656742
2.305532 3.872230
