3.571702 3.408092
3.986997 2.992411
3.990769 2.603743
3.993638 1.981864
4.000000 1.313373
4.316114 0.984272
4.981473 0.291504
5.261529 0.000000
5.980003 0.000000
6.261529 0.000000
6.980003 0.000000
7.261529 0.000000
7.980003 0.000000
8.261529 0.000000
8.976528 0.689093
9.289714 0.990932
9.978412 0.997618
10.299990 1.000739
10.980003 1.000739
11.299990 1.000739
11.976714 1.652944
12.328175 1.991671
12.971877 2.612049
13.610214 2.617989
13.980003 2.619726
14.356484 2.982604
13.980003 3.374510
13.770104 3.376630
13.379688 3.380573
12.974062 3.380573
12.408422 3.969279
11.974347 3.969279
11.533547 3.975675
10.975433 4.513618
10.502779 4.969102
9.970008 4.976847
9.477905 5.478969
8.975006 5.990921
9.500331 6.521974
9.960006 6.985561
9.960006 7.557983
9.960006 7.986300
9.960006 8.382891
9.336416 8.983949
8.973572 9.333753
8.315375 9.968165
7.980003 9.968165
7.648010 9.971421
6.980003 9.971421
6.648010 9.971421
5.986469 9.333785
5.621633 8.982134
4.983719 8.972894
4.609936 8.971055
3.980003 8.971055
3.606170 8.967425
2.986062 8.369726
2.583172 7.981395
1.984101 7.972717
1.571863 7.970689
0.985732 7.405738
0.547077 6.982850
0.000000 6.455540
0.000000 5.984822
0.497451 5.486801
0.980003 5.003697
1.458390 4.999051
1.989998 4.993890
2.445917 4.537633
2.987188 3.993150
3.571702 3.408092
