5.108465 6.404295
5.019477 6.295451
4.443613 5.341933
4.245842 5.014463
3.785780 4.252617
3.899324 3.797135
4.031482 3.243409
4.414303 2.944329
4.472957 2.271743
4.489311 2.084224
4.551618 1.258827
4.450891 1.135741
3.637407 0.374824
3.382525 0.136489
2.656401 0.061165
2.066766 0.000000
1.625246 0.344842
0.931404 0.886807
0.556497 1.179676
0.505130 1.860143
0.490361 2.032985
1.143098 2.643427
1.349589 2.896970
1.408346 2.968659
1.502097 2.979163
1.516805 3.103564
1.621227 4.018072
1.681372 4.628028
1.724001 5.059816
1.230079 5.012969
0.667605 5.483327
0.159204 5.908562
0.105263 6.539849
0.072723 6.920666
0.000000 7.771754
0.104244 7.944412
0.409292 8.449725
0.779158 8.901691
0.882796 9.028301
1.664366 9.121811
1.859610 9.445126
2.321204 10.209508
2.739001 10.901366
3.468797 11.072197
3.728081 11.132890
4.490689 10.435684
4.816967 10.137388
5.492331 9.520012
5.877325 9.554839
6.622927 9.622286
6.902742 9.366434
7.339827 9.468055
7.714806 9.555237
7.894930 9.595182
8.721988 8.838968
8.015964 8.178696
7.473772 8.170818
7.003680 8.159777
6.394179 7.589918
6.041884 7.549880
5.177549 6.488803
5.133188 6.434541
5.108465 6.404295
