6.271196 56.321149
6.531451 62.777522
1.836571 57.280564
0.000000 50.232536
5.440377 44.513584
10.531484 38.223712
10.644492 29.951015
8.704993 23.829103
5.977392 18.741518
10.920512 15.498498
16.945465 9.401410
22.029394 3.065646
26.069423 0.000000
32.301328 3.070748
39.085231 5.044173
45.165569 5.016893
51.178877 3.281910
54.107419 9.851624
55.596972 14.583135
47.179785 10.947607
41.975589 14.209683
36.149333 15.093878
29.927732 13.934430
24.019585 16.638545
20.770407 21.635224
20.696060 28.116553
17.251518 34.333603
11.940200 43.793253
8.373274 48.905234
