0.785953 2.474263
1.280056 1.973337
1.284995 1.968330
1.289952 1.963441
2.275108 0.978285
2.280022 0.973303
2.291764 0.975348
3.267116 0.000000
3.960360 0.693244
3.820998 1.529298
3.675283 2.378609
3.676309 2.384582
3.677324 2.390496
3.886448 3.574758
3.380516 4.073797
3.380516 4.073797
3.380516 4.073797
2.880516 4.573797
2.380516 5.073797
2.380516 5.073797
2.380516 5.073797
1.880516 5.573797
0.697263 5.370555
0.697263 5.370555
0.697263 5.370555
0.000000 4.653876
0.286914 2.980195
0.286914 2.980195
0.286914 2.980195
0.785953 2.474263
