0.375643 4.112827
0.412767 4.329379
0.582540 5.319724
0.592342 5.327836
0.656133 5.380631
1.718036 6.138199
2.626477 5.975296
2.703242 5.961531
2.752709 5.889124
2.988767 5.547951
3.374370 4.828935
3.473109 4.644824
3.329586 3.807603
3.266213 3.437927
3.158157 2.807603
3.059316 2.231031
2.986728 1.807603
2.852419 1.024134
2.815300 0.807603
2.634616 0.678929
1.681265 0.000000
1.626894 0.009169
0.831547 0.943980
0.604997 1.210337
0.000000 1.921574
0.069909 2.329379
0.168747 2.905931
0.241338 3.329379
0.375643 4.112827
