5.736067 5.753741
4.643498 4.927908
4.000755 4.442090
3.500318 4.063830
3.448857 3.726516
2.498441 3.155269
2.348911 3.189549
1.552695 2.586832
1.276124 2.377475
1.203995 2.322874
0.375317 1.695591
0.068259 1.463158
0.000000 0.980352
0.802523 0.285905
0.911939 0.191224
1.738941 0.139731
1.935647 0.127483
2.619243 0.084918
2.959355 0.063742
3.499545 0.030106
3.983063 0.000000
4.599194 0.370320
5.098845 0.670632
5.557652 0.643691
6.128046 0.610198
6.756679 0.988033
7.245803 1.282019
8.111797 1.802521
8.404611 2.328772
8.482231 2.869319
9.171907 3.389855
9.288331 3.478997
9.622473 3.734836
9.767303 4.794117
9.771541 4.824091
9.746441 4.845809
8.854606 5.617549
8.415914 5.644864
7.830898 5.681290
7.535612 5.699675
6.807190 5.745029
6.575039 5.605496
5.780824 5.787572
5.736067 5.753741
