6.863218 5.869838
6.661585 5.987849
6.401479 6.140084
5.611469 6.602460
4.827879 6.529114
4.594586 6.508660
4.230870 6.721535
3.575894 6.506852
3.170529 6.373985
2.566925 6.317488
2.283402 6.080802
1.581243 5.840976
0.744307 5.548166
0.582223 5.412857
0.518857 5.359958
0.434696 5.167688
0.000000 4.174596
0.134178 3.631614
0.306462 2.934437
0.533859 2.014232
0.613359 1.692518
0.881790 0.606258
0.918529 0.457591
1.036071 0.448809
1.745576 0.395803
1.915857 0.383081
2.572624 0.334016
2.941396 0.306465
3.393855 0.267374
3.967166 0.226126
4.223422 0.207689
4.992528 0.152355
5.052989 0.148004
5.309159 0.129573
5.880815 0.086866
6.018012 0.076616
6.707863 0.025079
7.043550 0.000000
7.302061 0.314171
7.875977 1.000235
7.991174 1.096402
8.019616 1.099050
8.226573 1.119137
8.867623 1.075856
9.018627 1.066730
9.699108 1.017772
10.043989 0.992959
10.528675 0.958087
11.069350 0.919187
11.683975 1.662186
12.009320 2.055485
11.990918 2.371700
12.377873 3.249865
12.150082 4.153472
11.869913 4.317448
11.504326 4.531419
10.819343 4.932324
10.566005 4.910355
9.794108 4.843411
9.513787 5.007477
8.745102 5.457371
8.213264 5.411249
7.719868 5.368460
6.863218 5.869838
