3.015146 6.994233
3.538754 7.491406
4.067921 8.000605
4.303830 8.003949
5.093646 8.029501
5.116447 8.030239
5.123300 8.039686
5.844140 9.033555
6.172551 9.039140
6.783254 9.049526
7.209399 8.734766
8.100318 8.076812
8.235975 7.976637
8.222592 7.068672
8.381328 6.916255
9.152880 6.170878
9.242804 6.104479
9.228061 6.084157
9.228862 6.071036
9.239831 5.902810
9.228799 5.154327
9.227694 5.079404
9.087633 4.943327
8.180791 4.067388
8.164848 3.524312
7.822010 3.051704
7.114423 2.076291
7.091840 2.045152
7.017841 2.043440
6.302245 1.798797
6.059486 1.715804
5.551808 1.015861
4.998380 0.252678
4.811850 0.189859
4.263958 0.005340
4.022558 0.001235
3.949994 0.000000
3.834210 0.111063
2.928528 0.979816
2.491709 0.975054
1.884003 1.423966
1.168167 1.952602
0.860747 2.179579
0.869406 2.954971
0.871539 3.300481
0.000000 3.943918
0.123173 4.695745
0.164981 4.950935
0.905969 5.408592
1.820652 5.973530
1.955482 6.056806
2.185329 6.198768
2.779802 6.768632
3.015146 6.994233
