3.490200 5.366840
3.730201 5.366840
4.490200 5.366840
4.730201 5.366840
5.493832 5.375297
5.740005 5.378023
6.240069 5.937000
6.730201 6.484874
6.990200 6.484874
7.730201 6.484874
7.991442 6.487768
8.740005 6.500210
9.252513 7.071639
9.490200 7.602908
9.730201 7.602908
10.480790 7.615435
10.733859 7.615435
10.904522 7.428393
10.994578 7.621136
11.730201 8.169378
12.226800 8.169378
12.730201 8.169378
13.460350 7.625266
13.202959 7.049711
13.725599 7.032033
13.883052 6.679817
13.960250 6.507232
13.730201 5.992922
13.258506 5.987676
12.725303 5.981738
12.465309 5.400372
12.551123 5.204647
12.722752 4.813196
13.200316 4.807831
12.961580 4.273846
12.722752 3.739656
12.465404 3.164091
12.208124 2.588690
11.966692 2.048728
11.720397 2.046057
11.239716 1.508635
10.727666 0.936144
9.975231 0.928023
9.726124 0.742355
9.217900 0.363521
8.730201 0.000000
7.891940 0.000000
7.730201 0.000000
7.566822 0.000025
6.730201 0.000150
5.901970 0.000150
5.730201 0.000150
4.901970 0.000150
4.730201 0.000150
3.901970 0.000150
3.730201 0.000150
3.220015 0.380395
2.735391 0.390920
2.264795 0.390920
1.730201 0.402760
1.577088 0.743334
1.500152 0.917062
1.245069 1.487331
1.000052 2.035096
0.911354 2.229502
0.740005 2.616463
0.580506 2.973041
0.500000 3.153130
0.246668 3.719597
0.000000 4.271164
0.254901 4.840909
0.490200 5.366841
0.730201 5.366841
1.490200 5.366840
1.730201 5.366840
2.490200 5.366840
2.730201 5.366840
3.490200 5.366840
