6.817044 4.691424
6.924317 4.295542
6.976724 4.098836
7.715869 3.359878
7.625083 3.009367
7.445554 2.339353
7.260922 1.650299
7.081393 0.980285
6.984760 0.631341
5.975162 0.360957
5.637096 0.270402
4.627752 0.000000
4.369404 0.253976
4.120990 0.498186
3.867609 0.747279
3.276103 0.905774
2.528539 1.653273
2.279769 1.902043
1.536002 2.645752
1.482787 2.844303
1.377413 3.237475
1.272119 3.630347
1.218945 3.828746
1.061450 4.416391
0.901890 5.011740
0.850781 5.202435
0.746568 5.591544
0.834910 5.944876
0.584971 6.194771
0.427476 6.782416
0.267915 7.377766
0.216488 7.569742
0.115602 7.946076
0.208184 8.303525
0.298971 8.654036
0.475489 9.335551
0.370195 9.728423
0.317021 9.926822
0.158541 10.518417
0.000000 11.109826
0.088320 11.439559
0.365548 12.474186
0.454345 12.805584
0.731660 13.840187
0.823202 14.181826
1.094942 15.195974
1.186052 15.535880
2.196988 15.806664
2.764838 15.654509
3.028352 15.395454
3.286701 15.141478
3.535114 14.897268
3.776899 14.651280
4.281702 14.146478
4.527666 13.904718
4.771804 13.656376
5.284835 13.134512
5.385956 12.757209
5.437022 12.566671
5.592285 11.987357
5.754111 11.383686
5.909655 10.803455
5.727399 10.111776
5.546076 9.435069
5.361373 8.745751
5.183043 8.057475
5.429589 7.806642
5.340101 7.469693
6.098765 6.710835
6.338945 6.468595
6.500025 5.874552
6.602164 5.491187
6.657270 5.284356
6.906131 5.035514
6.817044 4.691424
