3.815152 0.656754
3.535272 0.521912
2.276219 0.413259
2.110500 0.517924
1.848112 0.683642
1.497597 0.905020
1.276218 1.044838
0.884693 1.292117
0.276218 1.676417
0.271796 1.679157
0.268872 1.713061
0.000000 3.065378
0.226086 3.085801
0.455682 3.105611
1.262814 3.494465
2.264554 3.977019
2.375547 4.030487
2.549084 4.114092
3.523863 4.643349
4.002919 4.239560
4.101183 4.179411
4.142971 4.190541
5.575434 4.883737
7.919390 3.627279
10.429823 2.281580
12.778133 0.917769
13.921562 0.000000
12.394728 0.358354
11.899896 0.525913
11.547149 0.745556
10.886563 1.155428
10.437820 1.117612
9.174235 1.008566
8.753087 1.270206
8.392208 1.491687
8.159626 1.636683
7.076422 1.545400
6.754770 1.516343
6.436705 1.487609
5.344134 1.393319
4.940428 1.198800
4.711069 1.338684
4.267516 0.874645
3.815152 0.656754
