4.403016 0.000000
5.092345 0.024040
5.419018 0.235967
5.848324 0.514421
6.213874 0.917341
6.450920 1.174714
6.901022 1.197272
7.469980 1.223210
7.764436 1.547766
8.244078 2.068569
8.507080 2.239190
8.700942 2.364931
9.526495 2.900330
9.555255 3.513040
9.674097 3.643259
9.852283 3.841499
10.575959 4.310824
10.586933 4.658783
10.602850 5.052920
10.622499 5.776273
10.624498 5.849863
10.646447 6.545781
10.252054 6.875126
9.682166 7.351022
9.172380 7.393459
8.665477 7.435656
8.095160 7.911956
7.691565 8.249018
7.061460 8.301471
6.678907 8.330253
5.945653 8.942757
5.691466 8.935876
5.055021 8.921940
4.693915 9.223561
4.036313 9.278313
3.680936 9.305023
2.905789 9.952521
2.697764 9.945599
2.412577 9.933069
1.676919 9.455843
0.705340 8.825641
0.661518 8.777483
0.628831 8.046148
0.000000 7.638310
0.522410 6.613782
0.553880 6.552069
0.575425 6.509820
0.548468 5.430664
0.521920 4.367860
0.520557 4.308012
0.518907 4.247231
1.044834 3.215897
1.459066 2.403432
1.601601 2.123864
1.803484 1.727885
2.417113 1.046991
3.349236 1.069507
3.437249 1.071633
3.546074 0.950878
4.403016 0.000000
