20.915651 21.254326
15.875077 20.991128
15.015578 26.064883
11.418256 32.569626
4.887857 29.449994
0.000000 24.331872
6.515271 23.687155
18.192641 14.219265
25.075914 9.429361
30.464924 9.769463
35.744538 10.835641
41.027262 11.900379
47.386265 13.931813
57.645994 15.439418
61.361211 9.508470
60.484030 0.000000
67.288093 4.882342
67.626832 10.131152
72.122471 13.693292
78.206447 18.897426
68.434764 17.432956
67.888374 23.643622
67.795362 27.977160
70.445605 34.520268
64.852906 32.368811
59.497854 27.991364
52.930925 22.491527
47.645835 21.421730
42.049621 21.201486
35.872442 20.696945
28.958827 21.384086
