1.162492 4.976946
1.292264 5.215646
1.749971 5.317106
2.043500 5.382172
2.126723 5.535251
2.686434 6.564771
2.896527 6.606947
4.177781 5.899232
4.302381 5.830407
4.761172 5.576990
5.708242 5.053869
5.745142 4.946890
5.852121 4.636741
6.001608 4.203356
6.053170 4.053869
6.258073 3.459821
6.398097 3.053869
6.514539 2.716287
6.086264 1.928534
5.825166 1.448277
5.234538 1.109868
4.865546 0.898448
4.682789 0.792906
4.140770 0.483177
3.878094 0.429308
3.663140 0.387293
2.802884 0.214596
1.748376 0.002902
1.734372 0.000000
1.723796 0.011543
0.917628 0.887307
0.228508 1.635909
0.089114 1.787336
0.078318 1.914701
0.000000 2.838691
0.464841 3.693701
0.649330 4.033047
1.162492 4.976946
