3.389504 5.361169
2.950859 6.175341
2.584085 6.349725
2.041856 6.607530
0.905238 6.353300
0.861689 6.333157
0.863614 6.381321
0.812125 6.332473
0.820497 6.278207
0.421915 5.324983
0.086512 4.522853
0.000000 4.318931
0.197166 3.805621
0.569364 3.114781
0.674873 2.918946
1.175302 1.990099
2.296855 2.240958
2.370617 2.257456
2.393459 2.246406
3.147816 1.894034
3.291745 1.826802
3.552001 1.343742
4.026712 0.986763
4.298736 0.782202
5.106524 0.962077
5.328570 0.556282
5.892616 0.232614
6.498057 0.000000
7.428872 0.177144
7.530012 0.341575
8.934893 2.625603
9.188053 3.774444
9.109997 4.331996
8.792344 4.495522
8.537919 4.590284
8.040021 4.143015
7.639075 3.782840
7.257620 3.440175
6.754017 3.509917
6.220820 3.583751
5.896226 3.631528
5.190341 3.750158
5.038291 4.735724
4.594886 4.900871
4.243055 5.031913
3.648034 5.261442
3.389504 5.361169
