4.593747 2.181587
4.147748 2.287824
4.149914 2.811578
3.473587 2.578818
3.402185 2.554699
2.344742 3.111975
1.969581 3.309709
1.206541 3.711882
0.531220 4.067826
0.078579 4.306420
0.000000 4.839362
0.238109 5.244915
0.833709 6.259353
1.200378 6.883690
1.455219 7.317502
1.671742 7.686497
2.034954 7.611672
2.651689 8.149704
3.485819 7.710003
3.785034 7.552288
4.889017 6.970388
4.923650 6.962143
4.934691 6.946315
6.067460 6.349334
6.374508 6.187479
6.712388 5.700102
7.088245 5.158162
7.352564 4.779328
7.648035 4.355786
7.806675 4.126293
8.555146 3.731780
8.645879 3.141511
8.665518 3.020444
9.188312 2.744867
9.796488 2.424285
9.817182 2.283932
9.900910 1.716074
9.220165 1.122212
9.011630 0.718603
8.568828 0.554008
8.052501 0.103616
7.757623 0.259024
7.013981 0.001430
7.009999 0.000000
5.881252 0.594785
5.591705 0.747392
5.200995 1.310896
4.874994 1.778327
4.636742 1.903905
4.593747 2.181587
