2.611031 0.539854
1.565747 0.003999
0.252449 0.008787
0.000000 0.010084
0.114547 0.355069
0.337291 1.021545
0.247712 1.490867
0.184954 1.830550
0.146229 2.040157
0.778978 2.774263
0.777334 3.048436
0.776218 3.237270
1.675666 4.058610
1.767498 4.142461
1.855900 4.146414
2.773187 4.191074
3.730018 5.048431
3.766287 5.048265
3.807535 5.047672
4.764338 4.270031
5.044596 4.042250
5.119907 3.682528
5.772923 3.616941
6.228832 3.024321
6.124257 2.368599
6.067025 2.009740
5.777871 1.746205
4.964582 1.004970
4.390279 0.687050
3.753417 0.000000
3.357838 0.242992
2.611031 0.539854
