0.000000 40.317332
4.203790 36.513723
8.512705 36.686076
15.533772 32.683833
19.453845 28.763810
19.450175 22.744926
18.527568 16.180608
20.374668 9.840806
27.494431 10.194001
34.494460 9.194018
39.398031 8.717990
45.320887 5.736828
48.426687 2.631390
52.682189 0.000000
55.383830 4.713656
56.924582 9.234622
53.178511 11.485352
48.425060 14.735088
44.504591 18.804624
39.775763 20.804771
34.498209 23.081957
30.239563 29.549743
25.174422 33.484431
19.789102 36.090491
13.368495 36.947739
5.480079 42.308325
