7.488450 1.269769
6.694804 1.483517
6.417532 1.555614
5.818519 2.404689
5.530885 2.814566
5.648557 3.480027
5.525848 2.815874
4.980445 2.501005
4.392453 2.068083
4.256186 1.967783
3.361464 1.304189
3.046471 1.385944
2.630493 1.493909
2.262335 2.515320
2.218254 2.637618
2.183888 2.732968
1.611896 3.220735
1.213680 3.573876
0.050007 3.189982
0.033146 3.184421
0.000000 3.173485
0.016757 3.198717
0.042394 3.237322
0.609845 4.091795
0.883725 4.486018
1.320838 4.156822
1.770391 4.199564
2.464910 4.270111
2.846557 4.553225
3.749596 5.223181
3.777025 5.359747
3.929848 5.448863
4.479071 5.764248
4.923322 6.093753
5.011728 6.071198
5.663751 5.911183
5.949146 5.106677
6.094091 5.805566
6.192193 6.319953
6.281041 6.808624
6.414412 7.542171
6.462857 7.808624
6.826099 8.019761
7.689702 8.521827
8.647090 8.278441
8.760022 8.315679
8.870121 8.220555
9.518561 8.049373
9.718733 7.494025
9.997173 6.987279
10.527534 5.387698
11.184912 3.852236
10.947276 2.441648
8.647390 0.258705
8.427589 0.055662
8.405608 0.022578
8.366806 0.000000
8.322711 0.063822
8.272645 0.136291
7.488450 1.269769
