23.119290 0.000000
24.415463 6.213603
23.360239 11.921036
24.259267 18.912816
26.936500 23.063201
32.473907 28.263991
27.290698 30.575254
22.268638 32.872502
14.068017 37.013005
12.933990 43.103454
14.409350 50.030801
16.278772 55.041279
15.324226 61.780116
11.560907 67.317116
7.884124 73.763835
3.782927 69.899136
0.735552 65.295454
4.274424 60.617481
6.143691 55.389318
4.285250 50.239262
0.000000 44.745857
2.551293 38.725319
6.997458 36.560598
11.462013 32.227882
16.890395 26.560698
18.500379 18.634520
18.755871 11.951066
19.830459 4.058650
