2.020425 2.553196
2.111156 2.523005
1.542666 1.456693
1.103743 0.659564
1.823675 0.429816
1.919789 0.399144
2.431500 0.235845
2.735836 0.138724
2.800356 0.171712
2.826373 0.167287
3.789889 0.000000
3.958460 0.086182
4.883448 0.559118
5.815383 1.035434
5.714734 1.361934
5.301440 1.963364
5.125324 2.219732
4.347862 2.304752
4.194644 2.802236
3.469390 2.736742
4.280762 3.449556
4.360555 4.012289
4.411146 4.381127
4.198990 4.602528
4.537826 5.222056
4.612808 5.706596
4.755842 5.831397
4.983619 6.031658
5.385044 6.760687
5.936635 7.762431
5.974144 7.830540
5.950631 7.854621
5.044249 8.026006
5.198394 8.163989
5.657338 8.997097
5.173367 9.492758
4.431340 10.252914
4.292555 10.395080
3.470966 10.537725
3.303154 10.566861
2.543018 10.698837
2.313753 10.738642
1.863352 10.508458
2.151622 9.572752
2.220815 9.348085
2.296420 9.102743
2.582554 8.173966
2.834548 7.343972
2.938650 7.003631
2.773146 6.919855
2.690769 6.934249
1.802405 7.073391
1.779345 7.077004
1.751898 7.062976
0.640580 6.089144
0.509375 5.241290
0.481001 5.057931
0.585987 4.950461
0.419806 4.644543
0.000000 3.882382
0.267371 3.607612
0.956630 2.902528
1.142329 2.712322
2.020425 2.553196
