31.490386 19.514822
22.977952 20.009946
11.727203 20.508761
6.460781 18.490271
6.982781 10.512432
0.499995 12.995222
0.000000 19.995222
1.975463 26.480546
9.470588 26.985422
17.975418 22.480592
27.480390 22.975622
33.980390 25.975622
40.499994 28.485418
42.999990 35.495222
45.985266 42.982937
52.975490 38.980520
60.480390 34.975622
68.467919 35.477996
75.480390 40.975622
82.975492 40.509924
79.965688 31.500122
77.960790 24.495222
77.960790 18.495222
78.960790 11.995222
77.460790 5.485226
74.495210 0.000000
71.724210 2.729243
68.992675 10.000098
69.495020 17.000194
63.980390 21.014822
56.485341 20.514824
51.231072 16.261802
46.977951 13.009946
39.475418 18.512409
