7.697614 0.967430
7.164143 0.900185
6.663834 0.834966
6.117238 0.358728
5.705372 0.000000
4.671719 0.541836
4.637516 0.574331
4.617095 0.549460
4.592890 0.551972
4.527226 0.560940
3.816264 0.654881
3.549381 0.690145
3.040900 0.751281
2.492926 0.817166
2.266166 0.844430
2.200160 1.165228
2.000801 2.134152
1.310168 2.228480
1.223747 2.239256
1.198535 2.361846
0.958293 3.530020
0.891986 3.852538
0.019982 4.902337
0.000000 5.108362
0.425152 6.122469
0.829587 7.087464
1.271792 7.291198
1.835735 7.546876
2.303893 7.759126
2.807699 8.197932
3.027871 8.082554
3.897809 7.626673
4.573057 7.707264
4.939662 7.751018
5.411968 7.503511
5.982431 7.741975
6.122483 7.801600
7.065487 7.307395
7.804972 7.396666
8.102674 7.434242
9.106330 7.560918
9.133725 7.564375
9.151912 7.566671
9.241935 7.578033
9.936254 7.499034
10.187514 7.464343
10.710093 7.401511
10.861296 6.666647
10.975600 6.124471
10.510943 5.022291
10.466082 4.915210
10.436163 4.843795
10.501895 4.178412
9.962809 3.708775
9.592754 2.828394
9.452401 2.496042
8.655859 1.802189
8.173975 1.382391
7.697614 0.967430
