45.118272 6.312863
50.081230 0.000000
56.387187 5.881626
63.559079 8.195393
71.039235 8.188088
69.895498 14.613989
69.477263 20.792068
67.992900 24.516536
64.391887 15.077217
57.302560 12.159583
52.051565 15.168616
46.575954 19.967390
40.080119 27.262703
33.197404 26.960283
27.701215 34.008065
29.130752 39.687567
28.046664 47.449132
21.699422 48.964307
16.634945 53.944176
8.275832 55.868960
0.000000 58.358376
2.898991 51.878707
9.467422 47.000302
16.153870 42.329103
18.342159 30.988235
15.092693 22.228803
10.510525 17.542416
21.733689 22.235402
29.121913 22.115768
35.347679 19.957032
40.179221 13.912893
