7.102833 41.383218
0.000000 38.515785
0.736125 30.777326
3.673513 23.832522
11.842232 20.673943
15.085925 15.425170
17.620446 10.895533
17.740262 6.765679
19.984312 0.531477
26.496185 0.000000
31.922392 2.583787
38.031719 4.464466
46.993230 3.512759
50.983493 7.502888
45.947888 9.538349
38.211489 10.245098
33.965432 14.540459
32.428472 20.067569
36.718011 25.778175
39.184491 35.301938
40.381768 42.114417
33.381768 35.114417
27.236967 33.239710
19.724914 32.771271
13.882640 32.613497
13.542318 37.943967
