3.620529 0.739049
3.023449 0.592116
2.735185 0.000000
1.784710 0.062560
1.450154 0.224160
1.206684 0.777611
1.010710 1.223095
0.898380 1.471622
0.656838 2.049648
0.582317 2.223712
0.300821 2.863527
0.148027 3.224668
0.000000 3.565131
0.395176 4.377028
0.290558 5.326964
0.276409 5.452684
0.242681 5.752391
0.455861 5.643819
1.026146 6.705012
2.273142 6.096439
2.495298 6.081789
2.548860 5.961860
3.152549 6.095404
3.663948 6.204700
3.877585 6.253513
4.287056 6.347071
4.599385 6.420857
4.763535 6.455939
5.364312 6.162889
6.005073 5.850334
6.149383 5.695226
6.232820 4.953801
6.269996 4.623443
6.326424 4.122021
6.390611 3.551661
6.191907 3.143426
5.793430 2.324829
5.559641 1.844609
5.142361 1.572116
4.618135 1.229787
4.006152 0.830150
3.752552 0.770899
3.620529 0.739049
