1.114532 3.465201
1.172996 2.830449
1.226445 2.250146
1.277998 1.690443
1.606761 0.900206
1.989597 0.695911
2.606761 0.366569
2.641641 0.347955
2.707004 0.313075
3.293686 0.000000
3.750440 0.200723
4.470818 0.517295
5.211189 0.842655
5.657879 1.038957
6.660195 1.479428
6.721156 1.627299
6.818840 1.867835
7.106293 2.583914
6.912672 3.061223
7.295282 3.027519
7.732532 2.983162
8.461897 2.905694
8.541637 2.897225
8.728225 2.875622
9.175814 3.249040
9.575993 3.582906
10.139907 4.070604
10.405403 4.298317
10.325069 4.430108
10.089950 4.466409
9.065333 4.418601
8.849433 4.777986
8.545780 5.280987
8.205512 5.842923
8.350502 6.464127
9.022274 6.667754
9.813477 6.907582
10.467397 7.105797
7.835448 7.741759
7.302403 7.641640
5.849757 7.368799
5.453546 7.227439
4.416000 6.857261
1.913916 7.189921
0.000000 7.444380
0.447174 6.395878
0.752101 5.082284
0.744299 4.837743
0.949482 4.342195
1.114532 3.465201
