3.724668 0.191981
2.665517 0.468859
2.517172 0.507633
2.216104 0.586327
1.309645 0.823259
0.866332 0.939155
0.114005 1.135837
0.000689 2.328770
0.000000 2.336027
0.003073 2.338585
0.997442 3.166486
1.204145 3.338585
1.637028 3.698999
2.277032 3.531650
2.826700 3.387922
3.210613 3.694337
3.535055 3.958275
4.417360 4.692874
4.535055 4.790865
5.120387 5.278207
5.535054 5.623454
5.600741 5.621696
5.713177 5.619697
6.695551 6.196009
6.662552 6.582463
6.636884 6.853160
6.547546 7.794533
6.995885 8.179000
7.034885 8.325481
7.072857 8.463318
6.977612 9.466514
7.455209 9.875509
7.603330 10.000425
7.961217 11.510623
7.989509 11.630008
8.922217 12.406571
9.190581 12.630008
9.922217 13.239160
10.292048 13.229263
10.915998 13.212565
11.319148 13.107122
11.341305 12.873969
10.976367 11.526617
10.781331 11.361706
10.128961 11.238782
10.343345 10.981830
10.445125 9.909418
10.508823 9.802221
10.469176 9.655891
10.051396 8.113954
10.001618 8.072403
9.047860 7.266016
9.132524 7.122079
8.961061 6.945931
8.212013 6.176585
8.581005 5.545047
8.551441 5.436963
8.523846 5.336010
7.718560 4.508794
8.117683 3.837502
8.102266 3.780622
8.087742 3.727002
7.235397 2.851322
7.018952 2.629034
6.664430 1.331541
6.428778 1.135339
5.664430 0.498951
5.227706 0.135340
4.771508 0.055014
4.459061 0.000000
3.724668 0.191981
