0.376263 1.865182
0.530519 1.455211
0.752525 0.865182
0.803914 0.728606
0.940490 0.365625
1.076258 0.000000
2.366266 0.057885
2.381788 0.039821
2.398262 0.042224
3.090951 0.143126
3.693364 0.222144
3.782369 0.335070
3.975652 0.580299
4.401586 1.120704
4.597724 1.369555
4.511125 1.599709
4.280971 2.211394
4.237731 2.326315
4.221461 2.369555
3.964336 3.052920
3.845199 3.369555
3.690942 3.779526
3.468936 4.369555
3.419341 4.506210
3.280971 4.869112
3.144153 5.232737
1.855424 5.176583
1.823199 5.192514
1.210876 4.411162
0.909161 4.026163
0.097819 2.990854
0.000000 2.865182
0.257125 2.181817
0.376263 1.865182
