49.740899 20.232343
50.456428 26.427032
48.055469 32.590031
48.650012 37.829904
49.251850 42.871080
47.878683 47.956725
39.230017 48.116068
38.381437 54.019885
33.958194 63.089879
30.596219 54.644103
27.895149 48.457385
24.542938 41.481664
17.803919 37.222501
14.248318 32.490643
17.810034 27.945336
10.833625 19.594644
6.605589 16.186980
1.758342 10.705665
0.000000 5.946071
8.223899 12.102457
16.435638 20.136670
24.312908 16.728023
28.700306 10.719546
30.265078 3.815305
35.971366 0.000000
37.299476 7.542037
42.016797 16.506137
