2.367759 3.232332
2.493866 3.326964
2.871381 3.610258
3.426978 4.189559
3.576880 4.345857
4.319229 5.119878
4.706675 5.523853
5.207543 6.046091
6.376261 6.230268
6.129992 5.508746
5.903539 4.820745
5.637717 4.715811
5.819315 4.559989
5.597266 3.872535
5.381478 3.228664
5.391865 2.990291
5.271508 2.900534
4.481622 2.311466
3.930599 1.900534
3.481622 1.565703
2.589690 0.900534
2.481622 0.819941
2.164622 0.583534
1.481622 0.074178
1.382156 0.000000
1.004530 0.116887
0.000000 0.209765
0.089362 0.509105
0.186538 0.824990
0.154281 1.565346
0.491708 1.816987
1.038523 2.231530
1.494908 2.573308
2.367759 3.232332
