42.364025 35.444651
37.034060 40.243302
31.602953 38.400212
25.925732 33.104910
20.275240 31.041339
15.322281 33.503191
9.219361 36.935163
5.659158 42.835122
0.000000 41.611547
4.490791 35.208632
9.585509 29.793371
13.280788 22.137425
9.722643 14.920583
5.319840 11.104312
8.367193 8.157960
14.276728 8.150687
16.895225 2.798817
24.811228 0.000000
28.268009 4.940040
27.293281 11.445377
28.425123 16.285832
33.966247 17.387061
38.607551 18.645373
44.613274 22.669064
51.054341 19.570242
56.868571 15.686502
62.946509 10.542224
68.164856 18.038636
68.966195 24.981857
66.436771 32.654642
59.768472 31.787866
51.347710 29.699831
