10.543720 2.002626
4.237039 0.004906
1.048619 4.005250
0.000000 9.648606
7.384987 11.990077
13.718879 16.001829
16.896475 21.995102
19.004660 29.668302
20.006486 37.034895
16.087178 45.012605
11.347628 50.007616
7.409542 54.001636
9.497167 58.641779
16.883563 60.985107
20.027745 55.990114
22.402054 47.732657
30.587630 49.986770
37.430620 45.975105
45.336314 43.975105
51.660869 39.985008
49.281414 34.757500
44.265061 30.998423
39.016926 30.008269
31.640021 35.008409
26.342055 33.001678
25.287895 27.995102
23.215782 21.024542
22.132391 14.650823
22.125618 7.995102
21.081855 0.000000
