4.225703 1.601038
3.321177 1.194793
2.917742 1.077199
2.884621 0.998725
2.024939 0.612620
1.112110 0.202646
0.660908 0.000000
0.379607 0.706058
0.000000 1.658873
0.518696 1.556391
0.418103 1.866437
0.438945 2.636344
0.780138 3.067417
1.103095 3.475452
1.589707 3.640561
1.857783 4.256373
1.989642 4.572202
2.346210 5.021031
2.445971 5.144428
2.870592 5.676891
3.113447 5.981427
3.849211 6.231490
4.403637 6.419923
4.725789 6.820409
5.074929 7.258222
5.249022 7.476532
5.742405 8.095222
5.821163 8.121990
7.034768 8.534460
7.104219 8.620050
7.350196 8.928498
7.548017 8.205527
8.018164 7.658042
8.252593 7.385049
8.223733 6.515203
8.186960 5.406834
8.078284 5.353139
7.536597 5.085506
7.515403 4.446671
7.480982 3.409172
7.474593 3.216571
7.391431 3.188307
5.850688 2.363017
5.835143 2.358064
5.816410 2.352070
5.583384 2.218961
4.340896 1.653571
4.225703 1.601038
