0.953648 1.421697
0.178730 1.742179
0.000000 2.000323
0.254245 2.884180
0.414081 3.439833
0.554669 3.928570
0.828168 4.879348
1.789962 5.489738
1.828168 5.513985
1.840788 5.512541
1.858338 5.510458
2.953104 5.057753
3.847502 4.688008
3.975162 4.512575
4.150233 4.491419
4.391108 4.463279
5.060894 4.387321
5.541623 4.328875
5.127811 2.890299
5.127543 2.889365
5.656150 2.126071
5.704857 2.055738
5.633182 1.806467
5.015130 1.024918
4.591696 1.007267
3.989645 0.978847
3.761988 0.968620
3.603135 0.962362
3.230387 0.491299
2.841652 0.000000
2.613958 0.094140
2.557577 0.185219
2.080686 0.955718
1.936680 1.015261
0.953648 1.421697
