0.000000 52.998546
0.700958 60.351844
6.597696 61.127963
11.494777 61.122562
16.862657 62.802518
23.761439 63.993209
30.344736 62.382017
36.659794 60.987794
42.193362 61.606720
40.021400 54.703357
41.581946 46.337568
34.535831 45.478455
29.192591 51.395157
21.118634 47.586774
17.209122 38.903324
13.851470 31.091572
19.797736 23.414729
23.020236 16.491605
20.673963 10.100698
16.681648 0.000000
15.536787 4.314850
15.444654 10.519059
12.721594 16.064027
9.439146 21.523510
6.096634 27.048010
6.165565 35.869092
4.773537 43.475078
