5.154861 7.623296
5.108326 7.886519
4.939974 8.838921
4.768604 8.989860
4.345035 9.359455
3.751210 9.362276
3.386057 9.364010
3.165193 9.359456
2.257460 9.355086
1.975174 9.409392
1.941471 9.352593
1.361342 8.362779
1.625465 7.830465
0.718589 8.081231
0.261631 8.207588
0.000000 8.019903
0.102313 7.440703
0.212890 6.814851
0.407099 5.716075
0.427317 5.601701
0.501760 5.536569
1.291558 4.845545
1.824988 4.378827
2.155799 4.089389
2.451904 4.032425
3.667198 3.798528
3.831879 3.655213
4.532579 3.042144
4.998114 2.634832
5.396821 2.285989
5.996938 1.760925
6.261062 1.529834
6.439451 1.373754
7.125302 0.773677
7.887400 0.106889
7.989543 0.017522
8.080584 0.000000
8.164684 0.145023
8.692240 1.054752
9.110900 1.776685
9.044567 2.151817
8.928305 2.809310
8.686777 3.269956
8.611407 3.413704
8.467659 3.687862
7.964589 4.128015
7.493183 4.540463
7.099673 4.887977
6.976314 5.585604
6.884402 6.105390
6.490471 6.450054
6.020159 6.861545
5.820475 7.038586
5.319849 7.478362
5.201722 7.582404
5.154861 7.623296
