10.049970 47.456877
5.648280 49.117385
0.719083 48.146413
0.000000 41.767525
5.650201 38.747779
9.209359 35.289424
11.586109 29.524774
10.631703 24.116043
10.682937 18.944523
15.503088 17.378427
21.504120 18.484919
28.377919 16.397834
34.429704 12.392350
35.296494 7.995501
36.533804 3.062605
40.710923 0.000000
41.160037 4.213412
41.108356 9.395067
43.065766 15.003254
47.006685 19.987811
44.408012 23.588899
39.505113 22.608297
33.587214 22.473146
28.348250 21.427067
22.565990 25.619521
21.432595 31.286366
22.397608 36.717530
21.407621 41.883379
15.508908 45.858220
