4.379967 0.837122
3.794991 0.473053
3.034979 0.000000
2.726346 0.064631
2.208131 0.173152
1.726346 0.274043
1.515561 0.592855
1.210980 1.053539
0.863177 1.579595
0.055623 2.801018
0.000000 2.885147
0.076247 2.945942
1.085621 3.574130
1.322827 3.721785
2.116619 3.566078
2.145273 3.523732
2.163565 3.557902
2.132656 3.690323
2.252259 4.685356
2.294741 5.014461
3.242445 5.604174
3.376770 5.687772
4.178974 5.645065
4.397321 5.635180
5.446514 6.288037
5.498380 6.320313
5.565628 6.262952
6.425915 5.529100
7.329788 4.757992
7.350209 4.707307
7.457117 4.731327
8.141510 4.879568
8.379646 4.676411
8.594425 4.493162
8.314640 4.136273
7.834033 3.523219
7.116991 2.608584
7.079304 2.560511
6.100138 2.754773
5.180978 2.017826
5.041369 1.839831
4.964249 1.741490
4.894159 1.788229
4.379967 0.837122
