7.228390 1.271299
7.267310 1.777264
7.313528 2.378097
7.198679 2.912037
7.201182 3.048787
7.219906 3.914516
6.886950 4.404704
6.303782 4.939110
5.370404 5.790168
5.164992 5.977826
5.116382 6.022234
5.036609 6.095111
3.992482 6.422911
3.692623 6.026581
3.295408 6.034353
2.744962 6.048132
2.245936 5.677588
1.584230 5.186249
1.523011 5.105335
1.472500 5.038572
1.390048 4.099175
1.374793 3.936236
0.759673 3.123216
0.032548 2.162160
0.031417 2.147458
0.017846 1.971034
0.000000 1.145951
0.070152 1.077351
0.893489 0.122137
1.240189 0.179538
5.550006 0.000000
5.952975 0.078020
6.268075 0.139027
6.486696 0.229324
6.917509 0.708299
7.228390 1.271299
