2.104697 2.620351
2.066802 3.631275
2.056725 3.900079
2.016418 4.975314
2.008752 5.179807
2.006836 5.230929
1.960780 6.459535
1.613525 6.850453
0.945468 7.293095
0.452772 6.919642
0.000000 6.263457
0.010555 5.857820
0.034298 5.348508
0.047972 4.983729
0.071443 4.311664
0.094264 3.748854
0.095945 3.704001
0.144180 2.417269
0.153863 2.158959
0.158165 1.968524
0.181394 1.424546
0.594152 0.846120
1.055875 0.505271
1.415276 0.000000
1.995589 0.871120
2.152670 1.340623
2.126767 2.031621
2.104697 2.620351
