53.957686 10.220911
53.933481 15.704095
55.558707 21.146266
52.200664 24.186172
47.948767 22.761196
42.983858 22.865805
39.358210 18.594831
33.969102 18.109475
30.960209 21.932128
29.084021 25.258566
31.194320 31.669716
32.939662 38.692186
27.975071 35.186309
22.672621 34.222317
16.230931 35.675583
11.193520 37.660034
0.000000 32.862157
2.180180 27.253863
4.532631 23.506726
10.198890 24.512178
15.023450 22.508802
18.568402 19.073617
22.001488 13.966692
25.988127 8.037512
28.757856 2.123795
32.000900 5.394062
34.941343 11.140909
40.932472 13.154743
47.518957 12.542264
47.935595 6.468267
50.295076 1.152418
54.975362 0.000000
55.044329 4.972999
