12.639724 3.194844
18.533130 6.545018
23.815362 10.275335
27.882551 12.662552
33.202745 12.178374
37.575263 10.557178
44.468453 10.864562
46.574961 15.913980
48.606883 20.551187
49.974817 24.999751
47.543519 29.137190
42.063186 31.564657
40.928660 38.560122
38.744333 43.820490
32.176872 41.831073
35.156527 33.464490
31.937649 28.829422
28.332787 26.872689
23.859860 28.357397
15.600263 26.641126
8.099085 24.535013
3.894861 25.480823
0.000000 28.379037
3.659613 18.245789
4.722679 11.825227
5.544487 4.858950
8.141011 0.000000
