47.557002 21.661533
41.226266 21.322145
35.534566 22.329324
29.694680 22.681711
26.053206 25.361268
25.227022 30.334717
27.624811 35.138217
27.884872 40.808587
22.307322 41.524705
17.420458 45.315909
13.508646 49.633824
9.183400 54.673803
6.360609 58.130977
1.434398 49.208487
0.000000 41.521561
3.568773 39.073404
8.972767 38.674255
14.635501 34.551801
18.170950 29.526079
15.022012 23.710749
18.374913 20.399825
23.882124 19.029926
30.221406 17.053166
35.362659 14.192153
39.345946 9.534077
40.396949 4.364904
41.981069 0.000000
44.119812 6.003635
43.950925 11.087129
47.885565 15.612749
