1.123245 1.498442
1.023646 1.593439
0.928649 1.684048
0.511823 2.081616
0.074807 2.498441
0.000000 2.569793
0.021225 2.671376
0.274167 3.881409
0.352990 3.967078
0.539543 4.166398
0.982169 4.331614
1.343658 4.466545
1.647995 4.580142
2.020641 4.719237
2.313821 4.828670
3.153574 4.061112
3.329253 3.900536
4.209445 3.095868
4.355575 2.962277
5.276334 2.120369
5.385520 2.020570
5.598480 1.325943
5.750596 0.829776
5.651887 0.357355
4.710153 0.095969
4.364493 0.000000
4.116156 0.232964
3.702155 0.327078
3.465959 0.380772
2.907505 0.507725
2.217946 0.664482
2.112628 0.688119
1.928648 0.730247
1.535469 1.105262
1.123245 1.498442
